[35.17580006993244, 136.88659411844736],
[35.17576389522204, 136.88661892887802],
[35.175746904064624, 136.88661557611712],
[35.175737586331635, 136.8866531270392],
[35.17573649012768, 136.88669872458743],
[35.175738682535574, 136.88677047367068],
[35.17573703822967, 136.88683417612776],
[35.17573429771974, 136.88695755772892],
[35.17573539392371, 136.88710507920848],
[35.17573506589148, 136.8872121477585],
[35.175733969687485, 136.88737710359476],
[35.1757334215855, 136.88745488764764],
[35.175731777279466, 136.88760240912723],
[35.175731777279466, 136.88768958091063],
[35.175732325381475, 136.8877874815289],
[35.175731777279466, 136.88792963859103],
[35.17573122917745, 136.8880349152833],
[35.17573068107544, 136.8881274514841],
[35.17573068107559, 136.88822065829274],
[35.175730132973555, 136.88840640124656],
[35.17572903676951, 136.88853313560858],
[35.175740546911314, 136.88856062824797],
[35.17576740390253, 136.88858677978297],
[35.17577891403892, 136.88859415585694],
[35.17580686722048, 136.8885934853048],
[35.17586989886913, 136.88859482640916],
[35.17594608488356, 136.88859214420043],
[35.176016398598435, 136.88859919151304],
[35.17618302085573, 136.88859852096087],
[35.17625756228134, 136.8885998620652],
[35.17626852424994, 136.8886112614523],
[35.17642253975855, 136.88860053263016],
[35.17651736054551, 136.88859785042146],
[35.176598478818825, 136.8886058970476],
[35.17673458591477, 136.88859882564546],
[35.17687818674708, 136.8885988256476],
[35.17703329728089, 136.8886062017216],
[35.17718803667752, 136.88860861712138],
[35.17728428575065, 136.88860457984038],
[35.17729363565455, 136.88863755096853],
[35.17728648572813, 136.8886974373033],
[35.177280985784336, 136.8887741456423],
[35.17726613593414, 136.888959187688],
[35.177260635988965, 136.8890109994608],
[35.17725128608127, 136.8890944366014],
[35.17725018609205, 136.88915230429572],
[35.1772552338363, 136.88922675596416],
[35.177261283776375, 136.88932297782793],
[35.17725688382001, 136.88945620810085],
[35.1772552338363, 136.88956723332828],
[35.17726293375998, 136.88964797894823],
[35.177281633571596, 136.88967758567554],
[35.17731133326353, 136.88969373479955],
[35.1773883324144, 136.88969777208052],
[35.17751265107739, 136.8896936777189],
[35.17762264956958, 136.88970040652057],
[35.17774199776522, 136.88970040652057],
[35.178210722643236, 136.88968837643722],
[35.178517865613216, 136.88970430516935],
[35.17875578032038, 136.8897196183962],
[35.178967578752726, 136.88971291358806],
[35.17911732241824, 136.88969929716333],
[35.17933909055099, 136.8897094456284],
[35.17946632541601, 136.88970872159513],
[35.17959332632824, 136.88970883285504],
[35.17980555911331, 136.88970978942737],
[35.1799727276821, 136.88971744547294],
[35.18012291091979, 136.88972619523682],
[35.18015598695184, 136.88971744547044],
[35.180173865882495, 136.88969119617124],
[35.18018995691673, 136.8896561971056],
[35.1801944266479, 136.88962010431922],
[35.18019621454028, 136.889533700376],
[35.18019979032504, 136.88922964600675],
[35.18020336610954, 136.88904590091235],
[35.18020872978574, 136.88870575375213],
[35.180198002432405, 136.88866747352412],
[35.18018280534612, 136.88864669282893],
[35.180165820363975, 136.88864122422493],
[35.180097880399856, 136.88864122422493],
[35.17992713629195, 136.88864450538733],
[35.179822544174364, 136.88864669282893],
[35.179751028119064, 136.8886499739913],
[35.1796410720613, 136.8886477865497],
[35.17949631508676, 136.88865312240293],
[35.17935417629463, 136.88865421612374],
[35.179293387301364, 136.88864874751974],
[35.17927819004592, 136.88862249822054],
[35.17926478070054, 136.8885426566021],
[35.179271932349906, 136.88839937918868],
[35.179272826306274, 136.88826375780948],
[35.179279977956696, 136.88812376154706],
[35.17928265982544, 136.88810954317668],
[35.179277296087854, 136.88807673155264],
[35.1792692504808, 136.88804720109104],
[35.17925941696, 136.88804063876626],
[35.17924511365027, 136.8880307952902],
[35.179173597086915, 136.88802313924458],
[35.17912085358114, 136.8880187643614],
[35.17906632212393, 136.88801220203658],
[35.17898854768721, 136.88800892087417],
[35.178951895340674, 136.8880034522702],
[35.178859817421554, 136.88799907738698],
[35.17883568047405, 136.88798267157497],
[35.178828528784514, 136.8879531411134],
[35.17882227105567, 136.8878962676318],
[35.17882942274574, 136.88778033322697],
[35.178837468394185, 136.88762502488973],
[35.17884730196603, 136.88737893770974],
[35.17884998384905, 136.88725753470092],
[35.178866969106174, 136.88721925447294],
[35.17889736376794, 136.88721487958975],
[35.17894831949892, 136.88720941098572],
[35.17903503356422, 136.88723237912254],
[35.17920756746021, 136.88724659749295],
[35.17938814659044, 136.88725644098125],
[35.17954458858246, 136.8872815965593],
[35.1796554387229, 136.88726956563048],
[35.1796885149452, 136.88725097237688],
[35.1797037121239, 136.88722362935687],
[35.179738089964744, 136.88705813748797],
[35.17976937825166, 136.88684158076958],
[35.17982452965524, 136.88651224610987],
[35.17987457366503, 136.8862362626496],
[35.17981289111056, 136.8861826703304],
[35.17967343472787, 136.8861881389344],
[35.17954202368676, 136.8861870452136],
[35.17948716414182, 136.8861822169104],
[35.17947261669716, 136.88613552730095],
[35.17944710314354, 136.8861214805906],
[35.17933867045129, 136.88612304133622],
[35.179255751236106, 136.88612304133622],
[35.179105220752355, 136.8861214805906],
[35.17900826876778, 136.88611991984502],
[35.1788135216824, 136.8861256726336],
[35.17864513071511, 136.88612099039682],
[35.17849077202197, 136.88611630816004],
[35.17846015538686, 136.88613659785278],
[35.178411679013976, 136.88616781276096],
[35.17831982898463, 136.88616781276096],
[35.17817822665273, 136.88616469126976],
[35.17811954453299, 136.88618810245364],
[35.17809530625378, 136.8862286818391],
[35.17804555397378, 136.88626926122453],
[35.17791032967435, 136.88631296210116],
[35.17782103048535, 136.88627862569808],
[35.17777382944584, 136.88625833600537],
[35.17767432445601, 136.88617093425106],
[35.17752889387578, 136.8861568875407],
[35.17746510845149, 136.8861568875407],
[35.177384738745616, 136.88613035486563],
[35.17735284597481, 136.886108504428],
[35.177331158889224, 136.88610538293682],
[35.177133423430035, 136.88609445771766],
[35.17688338305692, 136.88608197175395],
[35.17675581114528, 136.88607416802603],
[35.176656304915234, 136.88607728951717],
[35.1765427656009, 136.8860726072811],
[35.176286344771896, 136.88607260728247],
[35.17591638295948, 136.8860679250457],
[35.17581177275533, 136.88606480355267],
[35.17578370658197, 136.88606948578945],
[35.17574926171961, 136.88611942964843],
[35.17573522862337, 136.88634261626828],
[35.1757365043595, 136.8865814103441],
[35.17576074334349, 136.8866095037567],
[35.17577222496427, 136.88661106450232],
[35.175787533789475, 136.88659857853756]