35.1763656,136.8865301
35.1763656,136.8865301
35.1763656,136.8865301
35.1763656,136.8865301
35.1763656,136.8865301
35.1763656,136.8865301
35.1763656,136.8865301
35.1763656,136.8865301
35.1763656,136.8865301
35.1759333,136.8866292
35.1759333,136.8866292
35.1759333,136.8866292
35.1759333,136.8866292
35.1763614,136.8864984
35.1763614,136.8864984
35.1763614,136.8864984
35.1763614,136.8864984
35.1763614,136.8864984
35.1757923,136.8867048
35.1757923,136.8867048
35.1757923,136.8867048
35.1757923,136.8867048
35.1757923,136.8867048
35.175743,136.8868351
35.175743,136.8868351
35.175743,136.8868351
35.175743,136.8868351
35.175743,136.8868351
35.1757176,136.8869967
35.1757176,136.8869967
35.1757176,136.8869967
35.1757176,136.8869967
35.1757176,136.8869967
35.1757176,136.8869967
35.1757176,136.8869967
35.1757718,136.8874619
35.1757718,136.8874619
35.1757718,136.8874619
35.1757718,136.8874619
35.1757718,136.8874619
35.1757502,136.8875799
35.1757502,136.8875799
35.1757502,136.8875799
35.1757502,136.8875799
35.1757502,136.8875799
35.1757434,136.8877858
35.1757434,136.8877858
35.1757434,136.8877858
35.1757434,136.8877858
35.1757434,136.8877858
35.1757398,136.8881114
35.1757398,136.8881114
35.1757398,136.8881114
35.1757398,136.8881114
35.1757398,136.8881114
35.1757595,136.8884113
35.1757595,136.8884113
35.1757595,136.8884113
35.1757595,136.8884113
35.1757595,136.8884113
35.1757636,136.8885336
35.1757636,136.8885336
35.1757636,136.8885336
35.1757636,136.8885336
35.1757636,136.8885336
35.1757551,136.8885568
35.1757551,136.8885568
35.1757551,136.8885568
35.1757551,136.8885568
35.1757551,136.8885568
35.175817,136.8885846
35.175817,136.8885846
35.175817,136.8885846
35.175817,136.8885846
35.175817,136.8885846
35.175986,136.888572
35.175986,136.888572
35.175986,136.888572
35.175986,136.888572
35.175986,136.888572
35.175986,136.888572
35.175986,136.888572
35.175986,136.888572
35.1763624,136.8886097
35.1763624,136.8886097
35.1763624,136.8886097
35.1763624,136.8886097
35.1763624,136.8886097
35.1765447,136.8886512
35.1765447,136.8886512
35.1765447,136.8886512
35.1765447,136.8886512
35.1765447,136.8886512
35.1766426,136.8886587
35.1766426,136.8886587
35.1766426,136.8886587
35.1766426,136.8886587
35.1766426,136.8886587
35.1768515,136.8886249
35.1768515,136.8886249
35.1768515,136.8886249
35.1768515,136.8886249
35.1768515,136.8886249
35.1770599,136.8885888
35.1770599,136.8885888
35.1770599,136.8885888
35.1770599,136.8885888
35.1770599,136.8885888
35.1771999,136.8887367
35.1771999,136.8887367
35.1771999,136.8887367
35.1771999,136.8887367
35.1771999,136.8887367
35.1772344,136.8890074
35.1772344,136.8890074
35.1772344,136.8890074
35.1772344,136.8890074
35.1772344,136.8890074
35.177285,136.8892745
35.177285,136.8892745
35.177285,136.8892745
35.177285,136.8892745
35.177285,136.8892745
35.1773347,136.8894981
35.1773347,136.8894981
35.1773347,136.8894981
35.1773347,136.8894981
35.1773347,136.8894981
35.1773278,136.889595
35.1773278,136.889595
35.1773278,136.889595
35.1773278,136.889595
35.1773278,136.889595
35.1773168,136.8896687
35.1773168,136.8896687
35.1773168,136.8896687
35.1773168,136.8896687
35.1773168,136.8896687
35.1773015,136.8896842
35.1773015,136.8896842
35.1773015,136.8896842
35.1773015,136.8896842
35.1773015,136.8896842
35.1773003,136.88969
35.1773003,136.88969
35.1773003,136.88969
35.1773003,136.88969
35.1773003,136.88969
35.1773016,136.8896916
35.1773016,136.8896916
35.1773016,136.8896916
35.1773016,136.8896916
35.1773016,136.8896916
35.1773017,136.8896917
35.1773017,136.8896917
35.1773017,136.8896917
35.1773017,136.8896917
35.1773017,136.8896917
35.1773017,136.8896917
35.1773017,136.8896917
35.1773017,136.8896917
35.1773017,136.8896917
35.1773017,136.8896917
35.1773017,136.8896917
35.1773017,136.8896917
35.1773017,136.8896917
35.1773017,136.8896917
35.1773017,136.8896917
35.1773017,136.8896917
35.1773017,136.8896917
35.1773017,136.8896917
35.1773017,136.8896917
35.1773017,136.8896917
35.1773017,136.8896917
35.1773017,136.8896917
35.1773017,136.8896917
35.1773017,136.8896917
35.1773017,136.8896917
35.1773017,136.8896917
35.1773017,136.8896917
35.1773017,136.8896917
35.1773017,136.8896917
35.1773017,136.8896917
35.1773017,136.8896917
35.1773017,136.8896917
35.1773017,136.8896917
35.1773017,136.8896917
35.1773017,136.8896917
35.1773017,136.8896917
35.1773017,136.8896917
35.1773017,136.8896917
35.1773017,136.8896917
35.1773017,136.8896917
35.1773017,136.8896917
35.1773017,136.8896917
35.1773017,136.8896917
35.1773017,136.8896917
35.1773017,136.8896917
35.1772799,136.8895912
35.1772799,136.8895912
35.1772799,136.8895912
35.1772799,136.8895912
35.1772799,136.8895912
35.1772829,136.8896191
35.1772829,136.8896191
35.1772829,136.8896191
35.1772829,136.8896191
35.1772829,136.8896191
35.1772833,136.8896215
35.1772833,136.8896215
35.1772833,136.8896215
35.1772833,136.8896215
35.1772833,136.8896215
35.1772833,136.8896217
35.1772833,136.8896217
35.1772833,136.8896217
35.1772833,136.8896217
35.1772833,136.8896217
35.1773362,136.8897527
35.1773362,136.8897527
35.1773362,136.8897527
35.1773362,136.8897527
35.1773362,136.8897527
35.1773431,136.8897679
35.1773431,136.8897679
35.1773431,136.8897679
35.1773431,136.8897679
35.1773431,136.8897679
35.1773433,136.8897683
35.1773433,136.8897683
35.1773433,136.8897683
35.1773433,136.8897683
35.1773433,136.8897683
35.1773591,136.8897928
35.1773591,136.8897928
35.1773591,136.8897928
35.1773591,136.8897928
35.1773591,136.8897928
35.1774906,136.8898163
35.1774906,136.8898163
35.1774906,136.8898163
35.1774906,136.8898163
35.1774906,136.8898163
35.1777119,136.8897936
35.1777119,136.8897936
35.1777119,136.8897936
35.1777119,136.8897936
35.1777119,136.8897936
35.1780248,136.8897835
35.1780248,136.8897835
35.1780248,136.8897835
35.1780248,136.8897835
35.1780248,136.8897835
35.1782558,136.8897506
35.1782558,136.8897506
35.1782558,136.8897506
35.1782558,136.8897506
35.1782558,136.8897506
35.1785365,136.8898813
35.1785365,136.8898813
35.1785365,136.8898813
35.1785365,136.8898813
35.1785365,136.8898813
35.1787921,136.8898828
35.1787921,136.8898828
35.1787921,136.8898828
35.1787921,136.8898828
35.1787921,136.8898828
35.1790317,136.8898868
35.1790317,136.8898868
35.1790317,136.8898868
35.1790317,136.8898868
35.1790317,136.8898868
35.1792333,136.8898638
35.1792333,136.8898638
35.1792333,136.8898638
35.1792333,136.8898638
35.1792333,136.8898638
35.1794073,136.88989
35.1794073,136.88989
35.1794073,136.88989
35.1794073,136.88989
35.1794073,136.88989
35.1796323,136.8899133
35.1796323,136.8899133
35.1796323,136.8899133
35.1796323,136.8899133
35.1796323,136.8899133
35.1798912,136.8898976
35.1798912,136.8898976
35.1798912,136.8898976
35.1798912,136.8898976
35.1798912,136.8898976
35.1801049,136.8898067
35.1801049,136.8898067
35.1801049,136.8898067
35.1801049,136.8898067
35.1801049,136.8898067
35.1802036,136.8894859
35.1802036,136.8894859
35.1802036,136.8894859
35.1802036,136.8894859
35.1802036,136.8894859
35.1802754,136.8891181
35.1802754,136.8891181
35.1802754,136.8891181
35.1802754,136.8891181
35.1802754,136.8891181
35.1802273,136.888809
35.1802273,136.888809
35.1802273,136.888809
35.1802273,136.888809
35.1802273,136.888809
35.1801837,136.8886711
35.1801837,136.8886711
35.1801837,136.8886711
35.1801837,136.8886711
35.1801837,136.8886711
35.1799723,136.8887669
35.1799723,136.8887669
35.1799723,136.8887669
35.1799723,136.8887669
35.1799723,136.8887669
35.1797592,136.888635
35.1797592,136.888635
35.1797592,136.888635
35.1797592,136.888635
35.1797592,136.888635
35.1794987,136.888629
35.1794987,136.888629
35.1794987,136.888629
35.1794987,136.888629
35.1794987,136.888629
35.1793623,136.8885623
35.1793623,136.8885623
35.1793623,136.8885623
35.1793623,136.8885623
35.1793623,136.8885623
35.1793493,136.8882998
35.1793493,136.8882998
35.1793493,136.8882998
35.1793493,136.8882998
35.1793493,136.8882998
35.1793596,136.8880886
35.1793596,136.8880886
35.1793596,136.8880886
35.1793596,136.8880886
35.1793596,136.8880886
35.1792326,136.888052
35.1792326,136.888052
35.1792326,136.888052
35.1792326,136.888052
35.1792326,136.888052
35.1789933,136.8880417
35.1789933,136.8880417
35.1789933,136.8880417
35.1789933,136.8880417
35.1789933,136.8880417
35.1788825,136.8879742
35.1788825,136.8879742
35.1788825,136.8879742
35.1788825,136.8879742
35.1788825,136.8879742
35.178887,136.887787
35.178887,136.887787
35.178887,136.887787
35.178887,136.887787
35.178887,136.887787
35.1789181,136.8874619
35.1789181,136.8874619
35.1789181,136.8874619
35.1789181,136.8874619
35.1789181,136.8874619
35.1789121,136.8873325
35.1789121,136.8873325
35.1789121,136.8873325
35.1789121,136.8873325
35.1789121,136.8873325
35.1788976,136.8872776
35.1788976,136.8872776
35.1788976,136.8872776
35.1788976,136.8872776
35.1788976,136.8872776
35.1789708,136.8872721
35.1789708,136.8872721
35.1789708,136.8872721
35.1789708,136.8872721
35.1789708,136.8872721
35.1790645,136.887299
35.1790645,136.887299
35.1790645,136.887299
35.1790645,136.887299
35.1790645,136.887299
35.1792821,136.88728
35.1792821,136.88728
35.1792821,136.88728
35.1792821,136.88728
35.1792821,136.88728
35.1795133,136.8873228
35.1795133,136.8873228
35.1795133,136.8873228
35.1795133,136.8873228
35.1795133,136.8873228
35.1796244,136.8871882
35.1796244,136.8871882
35.1796244,136.8871882
35.1796244,136.8871882
35.1796244,136.8871882
35.1796257,136.8869205
35.1796257,136.8869205
35.1796257,136.8869205
35.1796257,136.8869205
35.1796257,136.8869205
35.1798719,136.8866928
35.1798719,136.8866928
35.1798719,136.8866928
35.1798719,136.8866928
35.1798719,136.8866928
35.1799663,136.8864125
35.1799663,136.8864125
35.1799663,136.8864125
35.1799663,136.8864125
35.1799663,136.8864125
35.179936,136.8862685
35.179936,136.8862685
35.179936,136.8862685
35.179936,136.8862685
35.179936,136.8862685
35.1798607,136.8862236
35.1798607,136.8862236
35.1798607,136.8862236
35.1798607,136.8862236
35.1798607,136.8862236
35.1797761,136.8861773
35.1797761,136.8861773
35.1797761,136.8861773
35.1797761,136.8861773
35.1797761,136.8861773
35.1797036,136.8861717
35.1797036,136.8861717
35.1797036,136.8861717
35.1797036,136.8861717
35.1797036,136.8861717
35.1796352,136.886167
35.1796352,136.886167
35.1796352,136.886167
35.1796352,136.886167
35.1796352,136.886167
35.1795621,136.8862411
35.1795621,136.8862411
35.1795621,136.8862411
35.1795621,136.8862411
35.1795621,136.8862411
35.1794973,136.8861857
35.1794973,136.8861857
35.1794973,136.8861857
35.1794973,136.8861857
35.1794399,136.8861366
35.1794399,136.8861366
35.1794399,136.8861366
35.1794399,136.8861366
35.1794399,136.8861366
35.1794399,136.8861366
35.1790044,136.8861348
35.1790044,136.8861348
35.1790044,136.8861348
35.1790044,136.8861348
35.1790044,136.8861348
35.1786951,136.8860915
35.1786951,136.8860915
35.1786951,136.8860915
35.1786951,136.8860915
35.1786951,136.8860915
35.1785056,136.8860956
35.1785056,136.8860956
35.1785056,136.8860956
35.1785056,136.8860956
35.1785056,136.8860956
35.1784173,136.8860685
35.1784173,136.8860685
35.1784173,136.8860685
35.1784173,136.8860685
35.1784173,136.8860685
35.1783417,136.8860623
35.1783417,136.8860623
35.1783417,136.8860623
35.1783417,136.8860623
35.1783417,136.8860623
35.1782604,136.8860617
35.1782604,136.8860617
35.1782604,136.8860617
35.1782604,136.8860617
35.1782604,136.8860617
35.1781888,136.886084
35.1781888,136.886084
35.1781888,136.886084
35.1781888,136.886084
35.1781888,136.886084
35.1781388,136.8860647
35.1781388,136.8860647
35.1781388,136.8860647
35.1781388,136.8860647
35.1781388,136.8860647
35.1780944,136.886062
35.1780944,136.886062
35.1780944,136.886062
35.1780944,136.886062
35.1780944,136.886062
35.1780641,136.8861227
35.1780641,136.8861227
35.1780641,136.8861227
35.1780641,136.8861227
35.177989,136.886079
35.177989,136.886079
35.177989,136.886079
35.177989,136.886079
35.177989,136.886079
35.177989,136.886079
35.1779591,136.8860672
35.1779591,136.8860672
35.1779591,136.8860672
35.1779591,136.8860672
35.1779591,136.8860672
35.1779642,136.8860968
35.1779642,136.8860968
35.1779642,136.8860968
35.1779642,136.8860968
35.1779628,136.8860993
35.1779628,136.8860993
35.1779628,136.8860993
35.1779628,136.8860993
35.1779628,136.8860993
35.1778875,136.886098
35.1778875,136.886098
35.1778875,136.886098
35.1778875,136.886098
35.1778875,136.886098
35.1777878,136.8861595
35.1777878,136.8861595
35.1777878,136.8861595
35.1777878,136.8861595
35.1777878,136.8861595
35.1777396,136.8862223
35.1777396,136.8862223
35.1777396,136.8862223
35.1777396,136.8862223
35.1777396,136.8862223
35.1776643,136.8862194
35.1776643,136.8862194
35.1776643,136.8862194
35.1776643,136.8862194
35.1775871,136.886183
35.1775871,136.886183
35.1775871,136.886183
35.1775871,136.886183
35.1775871,136.886183
35.177573,136.8861911
35.177573,136.8861911
35.177573,136.8861911
35.177573,136.8861911
35.177573,136.8861911
35.1775097,136.8861216
35.1775097,136.8861216
35.1775097,136.8861216
35.1775097,136.8861216
35.177421,136.8861452
35.177421,136.8861452
35.177421,136.8861452
35.177421,136.8861452
35.177421,136.8861452
35.177421,136.8861452
35.1773465,136.8861639
35.1773465,136.8861639
35.1773465,136.8861639
35.1773465,136.8861639
35.1773465,136.8861639
35.1773487,136.8861593
35.1773487,136.8861593
35.1773487,136.8861593
35.1773487,136.8861593
35.1773487,136.8861593
35.1773516,136.8861573
35.1773516,136.8861573
35.1773516,136.8861573
35.1773516,136.8861573
35.1771663,136.8861623
35.1771663,136.8861623
35.1771663,136.8861623
35.1771663,136.8861623
35.1771663,136.8861623
35.1771663,136.8861623
35.1771663,136.8861623
35.1771663,136.8861623
35.1769189,136.8861614
35.1769189,136.8861614
35.1769189,136.8861614
35.1769189,136.8861614
35.1769189,136.8861614
35.1769217,136.886115
35.1769217,136.886115
35.1769059,136.8860912
35.1769059,136.8860912
35.1769059,136.8860912
35.1769059,136.8860912
35.1769059,136.8860912
35.17693,136.886104
35.17693,136.886104
35.17693,136.886104
35.17693,136.886104
35.17693,136.886104
35.1769093,136.8861125
35.1769093,136.8861125
35.1769093,136.8861125
35.1769093,136.8861125
35.1769093,136.8861125
35.1768957,136.8861243
35.1768957,136.8861243
35.1768957,136.8861243
35.1768957,136.8861243
35.1768957,136.8861243
35.1769009,136.8861299
35.1769009,136.8861299
35.1769009,136.8861299
35.1769009,136.8861299
35.1769009,136.8861299
35.1769015,136.8861287
35.1769015,136.8861287
35.1769015,136.8861287
35.1769015,136.8861287
35.1769015,136.8861287
35.1768892,136.8861223
35.1768892,136.8861223
35.1768892,136.8861223
35.1768892,136.8861223
35.1768892,136.8861223
35.1767491,136.8861095
35.1767491,136.8861095
35.1767491,136.8861095
35.1767491,136.8861095
35.1767491,136.8861095
35.1765551,136.8861083
35.1765551,136.8861083
35.1765551,136.8861083
35.1765551,136.8861083
35.1765551,136.8861083
35.1763189,136.8860535
35.1763189,136.8860535
35.1763189,136.8860535
35.1763189,136.8860535
35.1763189,136.8860535
35.1760585,136.8860319
35.1760585,136.8860319
35.1760585,136.8860319
35.1760585,136.8860319
35.1760585,136.8860319
35.175817,136.8859946
35.175817,136.8859946
35.175817,136.8859946
35.175817,136.8859946
35.175817,136.8859946
35.1757257,136.8861472
35.1757257,136.8861472
35.1757257,136.8861472
35.1757257,136.8861472
35.1757257,136.8861472
35.1757316,136.8864346
35.1757316,136.8864346
35.1757316,136.8864346
35.1757316,136.8864346
35.1757316,136.8864346
35.1758016,136.8865261
35.1758016,136.8865261
35.1758016,136.8865261
35.1758016,136.8865261
35.1758016,136.8865261
35.1758016,136.8865261
35.1758016,136.8865261
35.1758016,136.8865261
35.175801,136.8865261
