35.173245,136.897505
35.173245,136.897505
35.173231666666666,136.89756
35.17323833333333,136.89755833333334
35.17324166666667,136.89755
35.173245,136.897545
35.173253333333335,136.89754833333333
35.173253333333335,136.89754833333333
35.173253333333335,136.89754833333333
35.173253333333335,136.89754833333333
35.173253333333335,136.89754833333333
35.173253333333335,136.89754833333333
35.173253333333335,136.89754833333333
35.173253333333335,136.89754833333333
35.173253333333335,136.89754833333333
35.173253333333335,136.89754833333333
35.173253333333335,136.89754833333333
35.173253333333335,136.89754833333333
35.173253333333335,136.89754833333333
35.173253333333335,136.89754833333333
35.173253333333335,136.89754833333333
35.173253333333335,136.89754833333333
35.173253333333335,136.89754833333333
35.173253333333335,136.89754833333333
35.173253333333335,136.89754833333333
35.173253333333335,136.89754833333333
35.173253333333335,136.89754833333333
35.173253333333335,136.89754833333333
35.173253333333335,136.89754833333333
35.173253333333335,136.89754833333333
35.173253333333335,136.89754833333333
35.173253333333335,136.89754833333333
35.173253333333335,136.89754833333333
35.173253333333335,136.89754833333333
35.173253333333335,136.89754833333333
35.173253333333335,136.89754833333333
35.17326,136.89757333333333
35.173255,136.89761
35.173255,136.89765833333334
35.17326,136.89772166666665
35.17326166666667,136.89778166666667
35.17326166666667,136.89782833333334
35.173265,136.89788833333333
35.17326833333333,136.89795
35.17326833333333,136.89800166666666
35.173275,136.898075
35.17328333333333,136.89815
35.173285,136.89821333333333
35.173285,136.89827166666666
35.17328666666667,136.89832
35.17328666666667,136.89839333333333
35.17328,136.898445
35.17328666666667,136.89851333333334
35.173295,136.89856666666665
35.17330333333334,136.89861333333334
35.17329333333333,136.89865333333333
35.173291666666664,136.89870666666667
35.173298333333335,136.89876
35.17330833333333,136.89882166666666
35.17331333333333,136.89888333333334
35.173315,136.898955
35.173316666666665,136.89901666666665
35.173321666666666,136.899065
35.173321666666666,136.89912666666666
35.17332666666667,136.89920166666667
35.17333166666667,136.89926
35.173336666666664,136.89932
35.17334,136.89938333333333
35.173338333333334,136.89944500000001
35.17332833333333,136.89949666666666
35.17333,136.899575
35.173325,136.89964
35.17332833333333,136.89970666666667
35.173336666666664,136.899755
35.173338333333334,136.899815
35.173338333333334,136.899885
35.173343333333335,136.89994166666668
35.17334833333334,136.89999833333334
35.17335166666667,136.90005833333333
35.17335333333333,136.90010333333333
35.173355,136.90016666666668
35.17336,136.90021333333334
35.17336,136.90024333333332
35.173363333333334,136.900285
35.173368333333336,136.90031333333334
35.17337166666667,136.90033666666668
35.17337166666667,136.90035833333334
35.17337,136.90036833333335
35.173363333333334,136.90037666666666
35.17335333333333,136.90038333333334
35.17334833333334,136.90038833333332
35.173343333333335,136.90039666666667
35.173343333333335,136.90040333333334
35.173338333333334,136.90040833333333
35.173335,136.90040833333333
35.173345,136.900405
35.17335166666667,136.90039833333333
35.17335333333333,136.90039666666667
35.173355,136.900395
35.173363333333334,136.90039166666668
35.173368333333336,136.90038833333332
35.17337333333333,136.90038166666668
35.17338,136.900375
35.173385,136.90037333333333
35.173383333333334,136.90037166666667
35.173355,136.900375
35.173355,136.900375
35.173355,136.900375
35.17335666666666,136.900375
35.17335666666666,136.900375
35.17335666666666,136.900375
35.17335666666666,136.900375
35.17335666666666,136.900375
35.17335666666666,136.900375
35.17335666666666,136.900375
35.17335666666666,136.900375
35.17335666666666,136.900375
35.17335666666666,136.900375
35.17335666666666,136.900375
35.17335666666666,136.900375
35.17335666666666,136.900375
35.17335666666666,136.900375
35.17335666666666,136.900375
35.17335666666666,136.900375
35.17335666666666,136.900375
35.17335666666666,136.900375
35.17335666666666,136.900375
35.17335666666666,136.900375
35.17335666666666,136.900375
35.17335666666666,136.900375
35.17335666666666,136.900375
35.17335666666666,136.900375
35.17335666666666,136.900375
35.17335666666666,136.900375
35.17335666666666,136.900375
35.17335666666666,136.900375
35.17335666666666,136.900375
35.17335666666666,136.900375
35.17335666666666,136.900375
35.17335666666666,136.900375
35.17335666666666,136.900375
35.17335666666666,136.900375
35.17335666666666,136.900375
35.17335666666666,136.900375
35.17335833333333,136.900375
35.17335833333333,136.900375
35.17335833333333,136.900375
35.17335833333333,136.900375
35.17335833333333,136.900375
35.17335833333333,136.900375
35.17335833333333,136.900375
35.17335833333333,136.900375
35.17335833333333,136.900375
35.17335833333333,136.900375
35.17335833333333,136.900375
35.17335833333333,136.900375
35.17335833333333,136.900375
35.17336,136.900375
35.17336,136.900375
35.17336,136.900375
35.17336,136.900375
35.17336,136.900375
35.17336,136.900375
35.17336,136.900375
35.17336,136.900375
35.17335833333333,136.90039333333334
35.17336,136.90041666666667
35.173363333333334,136.900445
35.173365,136.900475
35.173365,136.90055833333332
35.17337333333333,136.900635
35.17338,136.90069666666668
35.173386666666666,136.90075666666667
35.17339,136.90081833333332
35.17339333333334,136.90088333333333
35.173386666666666,136.90094833333333
35.17337666666667,136.90100833333332
35.17337166666667,136.901075
35.173375,136.90114
35.173381666666664,136.90120333333334
35.173375,136.901265
35.17337666666667,136.90132833333334
35.17335833333333,136.90139166666665
35.17334666666667,136.901455
35.17332833333333,136.90151833333334
35.17332666666667,136.90157833333333
35.17333,136.90163833333332
35.173325,136.90170333333333
35.173305,136.90176833333334
35.17328833333333,136.901835
35.173278333333336,136.90189333333333
35.17328166666667,136.901955
35.17328666666667,136.90201833333333
35.173291666666664,136.90207833333332
35.1733,136.90214
35.173298333333335,136.90220333333335
35.173296666666666,136.90226666666666
35.173305,136.90233
35.17330666666667,136.90239666666668
35.17330666666667,136.90246666666667
35.17331166666666,136.90252666666666
35.17331333333333,136.90259166666667
35.17331166666666,136.90266833333334
35.173305,136.90273333333334
35.17330666666667,136.90279666666666
35.173316666666665,136.90286
35.17333,136.90292
35.173345,136.90298333333334
35.17335,136.903045
35.173363333333334,136.90309666666667
35.173375,136.90315833333332
35.17337833333333,136.903225
35.17337833333333,136.90330833333334
35.17337666666667,136.90337666666667
35.17337833333333,136.90343
35.173383333333334,136.90349166666667
35.17339333333334,136.90356
35.173405,136.90361833333333
35.17341166666667,136.90367
35.17341833333333,136.90373666666667
35.17342,136.903795
35.17342,136.90387
35.17341166666667,136.903945
35.173408333333334,136.90401833333334
35.17341666666667,136.90408166666666
35.173431666666666,136.90413666666666
35.17344833333333,136.90419333333332
35.17346,136.90425
35.173475,136.90431333333333
35.173485,136.90436
35.173503333333336,136.90442833333333
35.17351,136.90448833333335
35.173515,136.90454166666666
35.173516666666664,136.904625
35.17351,136.90469333333334
35.17350666666667,136.90476
35.17351,136.90482833333334
35.173523333333335,136.90488666666667
35.17353,136.90493166666667
35.173541666666665,136.90499333333332
35.173545,136.90506833333333
35.173545,136.90512
35.17354666666667,136.90518
35.17353833333333,136.90523333333334
35.17353833333333,136.905295
35.17353333333333,136.90534333333332
35.17352833333333,136.90539333333334
35.173521666666666,136.90544
35.173515,136.90548333333334
35.173523333333335,136.905525
35.173521666666666,136.90559333333334
35.173516666666664,136.905655
35.17351166666667,136.905715
35.17350833333333,136.905775
35.17351,136.90583333333333
35.173516666666664,136.90589333333332
35.17352666666667,136.90595166666668
35.17352666666667,136.905995
35.17354666666667,136.90605333333335
35.17357333333333,136.90609666666666
35.173595,136.90613333333334
35.17361833333333,136.90616333333332
35.17362833333333,136.90619333333333
35.17363833333334,136.906215
35.17364833333333,136.906245
35.173656666666666,136.90625833333334
35.173671666666664,136.90627833333335
35.17368166666667,136.90630833333333
35.17368833333333,136.90634
35.173698333333334,136.906385
35.17370833333333,136.90642666666668
35.173715,136.90648
35.173723333333335,136.90653666666665
35.17373166666667,136.90658833333333
35.17373833333333,136.90664666666666
35.17374,136.906685
35.173741666666665,136.90671666666665
35.173743333333334,136.90674166666668
35.173746666666666,136.90676166666665
35.17375166666667,136.90677666666667
35.17375833333333,136.90678833333334
35.173766666666666,136.906795
35.17377666666667,136.90679333333333
35.173788333333334,136.90678833333334
35.17379833333333,136.90678333333332
35.173806666666664,136.90677
35.173815,136.90676
35.17382333333333,136.90674833333333
35.173831666666665,136.90673333333334
35.17384166666667,136.90672166666667
35.173851666666664,136.90670833333334
35.17386166666667,136.90669666666668
35.17387,136.90668833333334
35.173885,136.90667666666667
35.173896666666664,136.90666333333334
35.17391166666667,136.90665166666668
35.173921666666665,136.90663333333333
35.173928333333336,136.90662166666667
35.173935,136.90661166666666
35.173943333333334,136.90660333333332
35.17395333333333,136.90659
35.17396,136.90658
35.17396333333333,136.90656666666666
35.17396333333333,136.90655
35.17396333333333,136.90654
35.17395833333333,136.90653
35.17395666666667,136.90652666666668
35.17396,136.90652166666666
35.17396,136.90651666666668
35.17395833333333,136.90651
35.17396,136.90651166666666
35.17396166666666,136.90650333333335
35.173965,136.906495
35.173966666666665,136.90649333333334
35.17397,136.90649166666665
35.17397,136.90648333333334
35.17397,136.906475
35.17397,136.90646666666666
35.17397,136.90646166666667
35.173973333333336,136.90646166666667
35.17397166666667,136.90645333333333
35.17397,136.90644666666665
35.173968333333335,136.90644666666665
35.17397166666667,136.906445
35.173973333333336,136.90644166666667
35.17397166666667,136.90643833333334
35.17397166666667,136.90644
35.17397166666667,136.90643833333334
35.17397166666667,136.90643833333334
35.173968333333335,136.90643666666668
35.173968333333335,136.90643833333334
35.17397,136.90643333333333
35.17397166666667,136.90642333333332
35.173973333333336,136.90642833333334
35.173975,136.90643333333333
35.173966666666665,136.90643
35.173946666666666,136.90642833333334
35.17391333333333,136.90644
35.173875,136.90645833333335
35.173833333333334,136.90647333333334
35.17379,136.90649
35.173743333333334,136.90649833333333
35.173703333333336,136.90650666666667
35.17364166666667,136.90651166666666
35.173585,136.906515
35.173535,136.90651833333334
35.17348166666667,136.906525
35.173433333333335,136.90653333333333
35.17339166666667,136.90652833333334
35.173345,136.90652666666668
35.173295,136.90652166666666
35.17324333333333,136.90652333333333
35.17319333333333,136.90652333333333
35.173143333333336,136.90653166666667
35.17309,136.90653333333333
35.17305,136.90653833333334
35.17299166666667,136.90654833333332
35.17294666666667,136.906555
35.172898333333336,136.90656166666668
35.172855,136.90657166666668
35.17281333333333,136.90657666666667
35.172763333333336,136.90657833333333
35.17270166666667,136.90659333333332
35.17265,136.90661
35.17259833333333,136.90662
35.17254666666667,136.90662833333334
35.17249666666667,136.90663833333332
35.172445,136.90664833333332
35.172403333333335,136.90665833333333
35.17235,136.90667333333334
35.1723,136.90668333333332
35.172246666666666,136.90668833333334
35.17219333333333,136.90668833333334
35.172133333333335,136.90670166666666
35.172093333333336,136.90670333333333
35.17203666666666,136.90670833333334
35.17199166666666,136.906715
35.17194833333333,136.90672166666667
35.171908333333334,136.90672333333333
35.17187,136.90673
35.17183,136.906735
35.17178666666667,136.90674166666668
35.17174333333333,136.90674833333333
35.17170333333333,136.90675166666668
35.171665,136.90675333333334
35.171625,136.90676
35.17158666666667,136.90675666666667
35.171546666666664,136.90675833333333
35.17151,136.90675833333333
35.17147333333333,136.90675833333333
35.171436666666665,136.90676166666665
35.1714,136.90676666666667
35.171365,136.90676833333333
35.171326666666666,136.90676666666667
35.17128833333334,136.90677166666666
35.17125166666667,136.90678666666668
35.17122,136.90679333333333
35.171193333333335,136.90680666666665
35.17116333333333,136.906815
35.17113333333333,136.90681666666666
35.17110666666667,136.90681166666667
35.171081666666666,136.906815
35.171065,136.90681333333333
35.17104833333333,136.90681
35.171031666666664,136.90680333333333
35.17102166666667,136.90680333333333
35.17100833333333,136.90680333333333
35.17099833333333,136.90680333333333
35.17099,136.90679666666668
35.170985,136.90679
35.17098333333333,136.90678333333332
35.17098166666667,136.90678333333332
35.17098166666667,136.90678
35.17097833333333,136.90677666666667
35.17097833333333,136.90677333333332
35.17097666666667,136.906775
35.17097666666667,136.90677333333332
35.17097833333333,136.90677333333332
35.17098,136.90677
35.17098166666667,136.90675833333333
35.170985,136.90675166666668
35.170986666666664,136.90674333333334
35.17099,136.90674333333334
35.170991666666666,136.90674333333334
35.170991666666666,136.90675333333334
35.170993333333335,136.90676166666665
35.170993333333335,136.90676833333333
35.170995,136.90677333333332
35.17099666666667,136.90678
35.17099,136.90677666666667
35.17099,136.90677666666667
35.17099,136.90677666666667
35.17099,136.90677666666667
35.17099,136.90677666666667
35.17099,136.90677666666667
35.17099,136.90677666666667
35.17099,136.90677666666667
35.17099,136.90677666666667
35.17099,136.90677666666667
35.17099,136.90677666666667
35.17099,136.90677666666667
35.17099,136.90677666666667
35.17099,136.90677666666667
35.17099,136.90677666666667
35.17099,136.90677666666667
35.171015,136.90675833333333
35.171013333333335,136.906765
35.171015,136.90677166666666
35.171011666666665,136.90677333333332
35.171011666666665,136.90678333333332
35.17100833333333,136.90679
35.17100833333333,136.90680166666667
35.17100666666666,136.90680666666665
35.171005,136.90680166666667
35.17101,136.90679666666668
35.171011666666665,136.906795
35.17100833333333,136.90678333333332
35.171005,136.90676666666667
35.171005,136.90675333333334
35.171005,136.90674166666668
35.171005,136.90673666666666
35.17100833333333,136.90677333333332
35.17100833333333,136.90677333333332
35.17100833333333,136.90677333333332
35.17100833333333,136.90677333333332
35.17100833333333,136.90677166666666
35.17100833333333,136.90677166666666
35.17100833333333,136.90677166666666
35.17100833333333,136.90677166666666
35.17100833333333,136.90677166666666
35.17100833333333,136.90677166666666
35.17100833333333,136.90677166666666
35.17100833333333,136.90677166666666
35.17100833333333,136.90677166666666
35.17100833333333,136.90677166666666
35.17100833333333,136.90677166666666
35.170943333333334,136.90662166666667
35.17091666666666,136.90662333333333
35.170885,136.90662666666665
35.17084833333333,136.906635
35.170806666666664,136.906645
35.170723333333335,136.906665
35.17066,136.906685
35.17060166666667,136.90670833333334
35.170545,136.90672
35.170495,136.90673
35.170451666666665,136.90673166666667
35.170388333333335,136.90674166666668
35.170335,136.90674333333334
35.17028166666667,136.90676
35.170233333333336,136.90678
35.170185,136.906795
35.170135,136.90681166666667
35.17008333333333,136.90684
35.170033333333336,136.90686666666667
35.169985,136.90688833333334
35.16993333333333,136.9069
35.16987666666667,136.90690833333332
35.16982333333333,136.90691333333334
35.16976833333333,136.906915
35.169713333333334,136.90693166666668
35.16966166666667,136.90694
35.169615,136.90693666666667
35.169565,136.90692833333333
35.169511666666665,136.90695
35.16945833333333,136.90695833333334
35.16940666666667,136.90697166666666
35.169365,136.90698666666665
35.16931833333334,136.90699666666666
35.16927,136.90702
35.16921833333333,136.90704333333332
35.16917,136.90706
35.16911833333333,136.90707166666667
35.16907,136.90708
35.169021666666666,136.90709
35.16896833333333,136.907095
35.168913333333336,136.9071
35.16885666666667,136.90709666666666
35.16880333333334,136.90709833333332
35.168751666666665,136.90709666666666
35.16869833333333,136.90710166666668
35.168645,136.90710833333333
35.168593333333334,136.90710833333333
35.16853833333333,136.90710833333333
35.168481666666665,136.90709666666666
35.16843333333333,136.90709333333334
35.16838,136.90710166666668
35.16833,136.90710166666668
35.168276666666664,136.907085
35.16823,136.90707333333333
35.168173333333336,136.90706833333334
35.168123333333334,136.90706666666668
35.168078333333334,136.90706
35.168035,136.90706166666666
35.167991666666666,136.90706166666666
35.167946666666666,136.90706166666666
35.167901666666666,136.90706
35.16785333333333,136.90706833333334
35.16780333333333,136.90707833333335
35.16775,136.907075
35.167703333333336,136.90706833333334
35.167655,136.90707
35.16760333333333,136.90707833333335
35.16755,136.90708833333332
35.167498333333334,136.90709833333332
35.16744666666666,136.907105
35.16739833333333,136.90710833333333
35.16734833333334,136.90710833333333
35.167298333333335,136.90710333333334
35.167245,136.90711166666668
35.16719166666667,136.90711833333333
35.16714,136.90713333333332
35.16709,136.907145
35.16704166666667,136.907155
35.16699,136.90717166666667
35.166941666666666,136.90718833333332
35.16689,136.9072
35.16683666666667,136.90720666666667
35.166783333333335,136.90721
35.16673333333333,136.90721333333335
35.16668333333333,136.90722333333332
35.16663,136.90722833333334
35.166578333333334,136.90723500000001
35.16652833333333,136.90724
35.16648,136.90723666666668
35.16643333333333,136.90723500000001
35.166383333333336,136.90723666666668
35.166336666666666,136.90723666666668
35.166286666666664,136.90723333333332
35.16622666666667,136.90723500000001
35.166178333333335,136.90724
35.166135,136.90724666666668
35.16608333333333,136.90725833333335
35.16602666666667,136.90726666666666
35.165975,136.90727166666667
35.16592333333333,136.90726666666666
35.16587166666667,136.90725833333335
35.165825,136.90726166666667
35.165776666666666,136.90727333333334
35.165728333333334,136.90729
35.16568,136.907305
35.16563,136.90731333333332
35.165578333333336,136.90731
35.165533333333336,136.907295
35.165483333333334,136.90729666666667
35.165438333333334,136.90729833333333
35.1654,136.90730333333335
35.165365,136.907305
35.165333333333336,136.9073
35.165303333333334,136.907295
35.16527166666667,136.90729666666667
35.165243333333336,136.90729833333333
35.165215,136.90729
35.165191666666665,136.90727666666666
35.165173333333335,136.90726833333332
35.165165,136.90726333333333
35.16515666666667,136.907255
35.16515,136.90725
35.165146666666665,136.907245
35.165145,136.90724333333333
35.16514,136.90723833333334
35.165135,136.90723500000001
35.16513333333333,136.90723666666668
35.16513333333333,136.90723500000001
35.16513833333333,136.90723166666666
35.165145,136.90723500000001
35.16515,136.90723166666666
35.16515166666667,136.90722833333334
35.165153333333336,136.90722
35.165148333333335,136.90720333333334
35.165145,136.90719666666666
35.16515,136.9072
35.165153333333336,136.90720166666668
35.16516,136.907205
35.16516166666667,136.907205
35.165165,136.907205
35.165168333333334,136.90720833333333
35.16517,136.90720666666667
35.165173333333335,136.90720833333333
35.165175,136.90720833333333
35.165171666666666,136.90720166666668
35.165171666666666,136.9072
35.16517833333333,136.90719
35.165185,136.90718333333334
35.165195,136.90717666666666
35.165205,136.90716333333333
35.16520666666667,136.90716333333333
35.165205,136.90716666666665
35.16520166666667,136.90717666666666
35.1652,136.90718166666667
35.16520333333333,136.90717666666666
35.165193333333335,136.907165
35.165193333333335,136.90716
35.16519666666667,136.90715666666668
35.1652,136.907155
35.16520166666667,136.90715333333333
35.16520166666667,136.90715166666666
35.165198333333336,136.90715166666666
35.165193333333335,136.90715
35.1652,136.90716166666667
35.1652,136.90716666666665
35.16519666666667,136.90717
35.16519666666667,136.90717333333333
35.165195,136.90717166666667
35.16519666666667,136.90717166666667
35.16519666666667,136.90717166666667
35.16519666666667,136.90717166666667
35.16519666666667,136.90717166666667
35.16519666666667,136.90717166666667
35.16519666666667,136.90717166666667
35.16519666666667,136.90717166666667
35.16519666666667,136.90717166666667
35.165148333333335,136.907155
35.165115,136.90715833333334
35.165075,136.90716833333335
35.165031666666664,136.907185
35.16498333333333,136.90719666666666
35.164928333333336,136.90720166666668
35.164875,136.90720666666667
35.16482666666667,136.90720833333333
35.16477666666667,136.90719833333333
35.164723333333335,136.90717833333332
35.16467,136.90716166666667
35.16462,136.90714333333332
35.164566666666666,136.90712833333333
35.164516666666664,136.90711
35.16446333333333,136.90709833333332
35.164415,136.90708
35.164366666666666,136.90706833333334
35.164318333333334,136.90706666666668
35.16426833333333,136.90707
35.16422166666667,136.907065
35.16417,136.90705666666668
35.164118333333334,136.90704333333332
35.16407,136.90703
35.164025,136.90701333333334
35.16397666666667,136.90700333333334
35.16392833333333,136.90699666666666
35.163875,136.90698333333333
35.16382333333333,136.90697166666666
35.16377333333333,136.90695666666667
35.16372666666667,136.906945
35.16367666666667,136.90693333333334
35.16363166666667,136.90691166666667
35.16358666666667,136.90688333333333
35.16355333333333,136.90687333333332
35.163513333333334,136.90686666666667
35.163468333333334,136.90686166666666
35.163428333333336,136.90685333333334
35.163383333333336,136.90683833333333
35.16334166666667,136.90683833333333
35.1633,136.90684166666668
35.16326166666666,136.906845
35.16323333333333,136.90684333333334
35.16321666666666,136.90684666666667
35.163203333333335,136.90685333333334
35.163196666666664,136.90685333333334
35.163195,136.90685333333334
35.16319333333333,136.906855
35.163196666666664,136.90685
35.163198333333334,136.90685
35.163201666666666,136.90685
35.163203333333335,136.90685
35.16320833333333,136.90685166666665
35.16320833333333,136.90685333333334
35.16321,136.90686
35.16321,136.906865
35.16321166666667,136.906865
35.16321333333333,136.90687166666666
35.16321333333333,136.90687
35.16321333333333,136.90686666666667
35.16321166666667,136.90687
35.16321,136.906875
35.16321,136.90688166666666
35.16321166666667,136.90688666666668
35.16321,136.90688833333334
35.16321,136.90685333333334
35.16321,136.90685333333334
35.16321,136.90685333333334
35.16321,136.90685333333334
35.16321,136.90685333333334
35.16321,136.90685333333334
35.16321,136.90685333333334
35.16321166666667,136.906855
35.16321833333333,136.90683333333334
35.163228333333336,136.90680833333334
35.16323833333333,136.90677333333332
35.16325166666667,136.90673166666667
35.16327166666667,136.90667166666665
35.163288333333334,136.90662166666667
35.163306666666664,136.906565
35.16332666666667,136.90651166666666
35.163335000000004,136.90645166666667
35.16334833333333,136.90639
35.16336166666667,136.90632666666667
35.163375,136.906265
35.16338666666667,136.9062
35.163405,136.90614
35.16342,136.90608
35.163435,136.90601166666667
35.163445,136.90596
35.16345,136.905925
35.163455,136.90588333333332
35.16345666666667,136.90584666666666
35.16345833333333,136.90581666666668
35.16346,136.9058
35.16346,136.90578666666667
35.16346,136.90577333333334
35.163465,136.90575666666666
35.16347,136.905735
35.16347666666667,136.9057
35.16348833333333,136.90565333333333
35.16350166666667,136.90560333333335
35.163511666666665,136.90555
35.16352166666667,136.90549666666666
35.16352833333333,136.90543666666667
35.163536666666666,136.90537666666665
35.163545,136.90531666666666
35.16355,136.905255
35.163556666666665,136.905195
35.163563333333336,136.90513333333334
35.16357333333333,136.90507333333332
35.163581666666666,136.90501333333333
35.163583333333335,136.90495166666668
35.16358666666667,136.90489166666666
35.16359166666667,136.90482833333334
35.16359666666666,136.90476666666666
35.163605,136.90470833333333
35.16361166666667,136.90464833333334
35.16361833333333,136.90459
35.163623333333334,136.90453333333335
35.163626666666666,136.90448166666667
35.16363333333334,136.90443666666667
35.163635,136.90439666666666
35.16364166666666,136.90437
35.163646666666665,136.90434833333333
35.163646666666665,136.904335
35.16365,136.90432833333332
35.16365,136.90432166666668
35.16365166666667,136.90431666666666
35.16365166666667,136.90431833333332
35.163646666666665,136.90432166666668
35.16364333333333,136.90432333333334
35.16364166666666,136.90432666666666
35.16364166666666,136.90432833333332
35.16364333333333,136.90433
35.16364333333333,136.904325
35.163646666666665,136.90431666666666
35.163646666666665,136.90430666666666
35.16364333333333,136.9043
35.16364,136.90428666666668
35.16364,136.90427333333332
35.16364,136.90426666666667
35.16364333333333,136.90425166666665
35.163646666666665,136.904225
35.163648333333335,136.904195
35.163648333333335,136.904165
35.16365166666667,136.90413
35.16365666666667,136.904095
35.16366,136.90406166666668
35.163665,136.90402
35.163671666666666,136.90397166666668
35.163673333333335,136.90392166666666
35.163675,136.90387
35.16368166666667,136.903815
35.16368666666666,136.90375666666668
35.163695,136.90370166666668
35.16370166666667,136.903645
35.163711666666664,136.90358833333335
35.16372,136.90353166666668
35.16372833333333,136.90347666666668
35.16374166666667,136.90341666666666
35.16375166666667,136.90335833333333
35.16376,136.90329666666668
35.16376666666667,136.903235
35.16377333333333,136.90317333333334
35.163781666666665,136.90311166666666
35.16379,136.90305333333333
35.1638,136.902995
35.163806666666666,136.902935
35.16381333333333,136.902875
35.16381833333333,136.902815
35.16382,136.90275833333334
35.163821666666664,136.902705
35.16383,136.90266166666666
35.163835,136.90262333333334
35.16384,136.90259333333333
35.163846666666664,136.90257333333332
35.163845,136.90255333333334
35.163846666666664,136.90253833333333
35.16385,136.90252333333333
35.16385,136.90251333333333
35.16385666666667,136.902505
35.163855,136.90249833333334
35.16386,136.90249833333334
35.16386333333333,136.9025
35.163873333333335,136.90250166666667
35.16388333333333,136.90250333333333
35.163891666666665,136.90250666666665
35.163893333333334,136.90251
35.16390166666667,136.902515
35.16390166666667,136.90252166666667
35.163896666666666,136.90252
35.163891666666665,136.90251833333335
35.16388833333333,136.90251666666666
35.16388666666667,136.902515
35.16388666666667,136.902515
35.16388666666667,136.902515
35.16388833333333,136.90251666666666
35.16388833333333,136.902515
35.16386333333333,136.90251666666666
35.16386333333333,136.90251666666666
35.16386333333333,136.90251666666666
35.16386333333333,136.90251666666666
35.16386333333333,136.90251666666666
35.16386333333333,136.90251666666666
35.16386333333333,136.90251666666666
35.16386333333333,136.90251666666666
35.16386333333333,136.90251666666666
35.163865,136.90251666666666
35.163865,136.90251666666666
35.163865,136.90251666666666
35.163865,136.90251666666666
35.163865,136.90251666666666
35.163865,136.90251666666666
35.163865,136.90251666666666
35.163865,136.90251666666666
35.163865,136.90251666666666
35.163865,136.90251666666666
35.163865,136.90251666666666
35.163865,136.90251666666666
35.163865,136.90251666666666
35.163865,136.90251666666666
35.163865,136.90251666666666
35.163865,136.90251666666666
35.163865,136.90251666666666
35.163865,136.90251666666666
35.163865,136.90251666666666
35.163865,136.90251666666666
35.16393,136.90249
35.16393333333333,136.90249333333333
35.163938333333334,136.90249666666668
35.163936666666665,136.90249833333334
35.16393,136.90249833333334
35.16393166666667,136.9025
35.16392666666667,136.9025
35.16392166666667,136.9025
35.1639,136.90248833333334
35.1639,136.90248833333334
35.1639,136.90248833333334
35.1639,136.90248833333334
35.1639,136.90248833333334
35.1639,136.90248833333334
35.1639,136.90248833333334
35.1639,136.90248833333334
35.1639,136.90248833333334
35.1639,136.90248833333334
35.163895,136.90245666666667
35.163898333333336,136.90243666666666
35.16390666666667,136.90241166666667
35.163941666666666,136.902395
35.16397666666667,136.902395
35.16401833333333,136.902395
35.16406833333333,136.9024
35.164116666666665,136.90240333333333
35.164165,136.90240833333334
35.16421166666667,136.90241
35.164258333333336,136.902415
35.16430833333333,136.90242
35.164345,136.90242166666667
35.16440166666667,136.90242666666666
35.16445,136.90243
35.164496666666665,136.90243666666666
35.164543333333334,136.902445
35.16459166666667,136.90245833333333
35.16464166666667,136.90247333333335
35.16469333333333,136.90248166666666
35.164743333333334,136.902495
35.164791666666666,136.9025
35.164838333333336,136.90250833333334
35.16488833333333,136.902515
35.16493666666667,136.90252
35.164985,136.90252666666666
35.165033333333334,136.90252833333332
35.165085,136.90252666666666
35.16513666666667,136.90251833333335
35.16518666666666,136.90251333333333
35.165235,136.90250666666665
35.165281666666665,136.90250666666665
35.165321666666664,136.902505
35.165355,136.90251
35.16538166666667,136.90251166666667
35.1654,136.90251333333333
35.16542,136.902515
35.16543333333333,136.90251333333333
35.165443333333336,136.90250666666665
35.16544666666667,136.90250166666667
35.16545,136.90250166666667
35.16545333333333,136.9025
35.16545333333333,136.90249833333334
35.16545333333333,136.90249666666668
35.16545333333333,136.90249666666668
35.16545,136.90249333333333
35.16545,136.90249
35.16545166666667,136.90248666666668
35.165455,136.90248666666668
35.16545833333333,136.90248833333334
35.16546,136.90248666666668
35.16545833333333,136.90248333333332
35.16543333333333,136.90250666666665
35.16543333333333,136.90250666666665
35.16543333333333,136.90250666666665
35.16543333333333,136.90250666666665
35.16543333333333,136.90250666666665
35.16543333333333,136.90250666666665
35.16543333333333,136.90250666666665
35.16543333333333,136.90250666666665
35.16543333333333,136.90250666666665
35.16543333333333,136.90250666666665
35.16543333333333,136.90250666666665
35.16543333333333,136.90250666666665
35.16543333333333,136.90250666666665
35.16543333333333,136.90250666666665
35.16543333333333,136.90250666666665
35.16543333333333,136.90250666666665
35.16543333333333,136.90250666666665
35.16543333333333,136.90250666666665
35.16543333333333,136.90250666666665
35.16543333333333,136.90250666666665
35.16543333333333,136.90250666666665
35.16543333333333,136.90250666666665
35.16543333333333,136.90250666666665
35.16543333333333,136.90250666666665
35.165506666666666,136.90248166666666
35.165526666666665,136.902485
35.165553333333335,136.90248666666668
35.165585,136.90248666666668
35.165655,136.90247666666667
35.16571,136.90246666666667
35.16575666666667,136.90246166666665
35.165803333333336,136.90245833333333
35.16584833333334,136.90245666666667
35.16589166666667,136.90245833333333
35.165945,136.902455
35.165995,136.90246333333334
35.16603666666666,136.90246333333334
35.16609166666667,136.902465
35.166145,136.90246166666665
35.16619333333333,136.90244333333334
35.166241666666664,136.90243166666667
35.1663,136.90244
35.166351666666664,136.90244666666666
35.16640666666667,136.902445
35.16645833333333,136.90243833333332
35.16651,136.90244333333334
35.166558333333334,136.90244666666666
35.166603333333335,136.90244166666668
35.166653333333336,136.902435
35.166705,136.90242833333335
35.16675333333333,136.90242
35.166801666666665,136.90241666666665
35.166853333333336,136.90240833333334
35.16690333333333,136.90239
35.16695166666667,136.902375
35.167,136.90236333333334
35.167051666666666,136.90235666666666
35.16710333333333,136.90234833333332
35.16715166666667,136.90234
35.16719666666667,136.90232666666665
35.16723666666667,136.90232
35.16728833333333,136.902315
35.167345,136.90230666666668
35.16739166666667,136.90229666666667
35.16744333333333,136.90228833333333
35.167495,136.90228166666665
35.16754666666667,136.90228166666665
35.16759833333333,136.902285
35.16765,136.90228833333333
35.167701666666666,136.90229166666666
35.167755,136.90229666666667
35.16781,136.9023
35.16786,136.90229666666667
35.16791,136.90229166666666
35.167955,136.90228833333333
35.168,136.902285
35.16804666666667,136.90228
35.168095,136.90228166666665
35.16814,136.90228
35.16817666666667,136.902275
35.168213333333334,136.90227
35.168245,136.90227
35.16827166666667,136.90226833333332
35.16829666666667,136.90226333333334
35.168315,136.90225833333332
35.16833,136.90224833333335
35.16833666666667,136.90224166666667
35.16833666666667,136.90223666666665
35.16833666666667,136.90222333333332
35.16833666666667,136.90221666666667
35.16834,136.90220166666666
35.16834,136.90219166666665
35.16834,136.90219
35.16833666666667,136.902185
35.168335,136.90219
35.16833333333334,136.90218
35.16833166666667,136.90216833333332
35.168335,136.90216666666666
35.168335,136.90216666666666
35.16833333333334,136.902165
35.16833,136.902165
35.16833,136.90216333333333
35.168335,136.90216333333333
35.16833833333333,136.90216666666666
35.16834333333333,136.90216833333332
35.16834333333333,136.90216833333332
35.168345,136.90216833333332
35.168335,136.90219
35.168335,136.90219
35.168335,136.90219
35.168335,136.90219
35.168335,136.90219
35.168335,136.90219
35.168335,136.90219
35.168335,136.90219
35.168335,136.90219
35.168335,136.90219
35.168335,136.90219
35.168335,136.90219
35.168335,136.90219
35.168335,136.90219
35.168335,136.90219
35.168335,136.90219
35.168335,136.90219
35.168335,136.90219
35.168335,136.90219
35.168335,136.90219
35.168335,136.90219
35.168335,136.90219
35.168335,136.90219
35.168335,136.90219
35.168335,136.90219
35.168335,136.90219
35.168335,136.90219
35.168335,136.90219
35.168335,136.90219
35.168335,136.90219
35.168335,136.90219
35.168335,136.90219
35.168335,136.90219
35.168335,136.90219
35.168335,136.90219
35.168335,136.90219
35.168335,136.90219
35.168335,136.90219166666665
35.168335,136.90219166666665
35.168335,136.90219166666665
35.168335,136.90219166666665
35.168335,136.90219166666665
35.168335,136.90219166666665
35.168335,136.90219166666665
35.16833666666667,136.90219166666665
35.16833666666667,136.90219166666665
35.16833666666667,136.90219166666665
35.16833666666667,136.90219166666665
35.16833666666667,136.90219166666665
35.16833666666667,136.90219166666665
35.16833666666667,136.90219166666665
35.16833666666667,136.90219333333334
35.16833666666667,136.90219333333334
35.16833666666667,136.90219333333334
35.16833666666667,136.90219333333334
35.16833666666667,136.90219333333334
35.16833666666667,136.90219333333334
35.16833666666667,136.90219333333334
35.16833666666667,136.90219333333334
35.16833666666667,136.90219333333334
35.16833666666667,136.90219333333334
35.168353333333336,136.90225166666667
35.168353333333336,136.90224666666666
35.168353333333336,136.90224833333335
35.168355,136.90224833333335
35.16835666666667,136.90224666666666
35.168355,136.90225
35.168351666666666,136.902255
35.168355,136.90225666666666
35.16835666666667,136.90226333333334
35.16835833333333,136.90226666666666
35.16835666666667,136.90227166666668
35.16836,136.902275
35.16836333333333,136.90227166666668
35.16836333333333,136.90226833333332
35.168365,136.90226166666667
35.168373333333335,136.902255
35.16839,136.90225
35.16840833333333,136.90225166666667
35.16843333333333,136.902245
35.16845166666667,136.90223
35.16846833333334,136.90221
35.16848,136.90219
35.16849166666667,136.90216666666666
35.168503333333334,136.902155
35.16851166666667,136.90213833333334
35.16852,136.90211
35.16851,136.90204666666668
35.168503333333334,136.901985
35.16849833333333,136.901925
35.168495,136.90187166666666
35.16849166666667,136.90182166666668
35.168488333333336,136.90178166666666
35.168485,136.901745
35.16847833333333,136.90171333333333
35.16847666666666,136.90168
35.16847,136.90164833333333
35.16846833333334,136.90162166666667
35.16846666666667,136.9016
35.16846833333334,136.90157833333333
35.16846666666667,136.90155333333334
35.168465,136.90153
35.16846666666667,136.90151
35.16846833333334,136.90149333333332
35.168461666666666,136.90147833333333
35.168455,136.901465
35.16845333333333,136.90145166666667
35.16845166666667,136.90144
35.16845333333333,136.90143333333333
35.168456666666664,136.90143166666667
35.168458333333334,136.901435
35.168458333333334,136.901435
35.168455,136.90143
35.16845166666667,136.901425
35.16845166666667,136.90142666666668
35.16845,136.90142833333334
35.168441666666666,136.901425
35.168438333333334,136.90142
35.16843166666666,136.90141333333332
35.16842666666667,136.90140666666667
35.168458333333334,136.901465
35.168458333333334,136.901465
35.168458333333334,136.901465
35.168458333333334,136.901465
35.168458333333334,136.901465
35.168458333333334,136.901465
35.168458333333334,136.901465
35.168458333333334,136.901465
35.168458333333334,136.901465
35.168458333333334,136.901465
35.168458333333334,136.901465
35.168458333333334,136.901465
35.168458333333334,136.901465
35.168458333333334,136.901465
35.168458333333334,136.901465
35.168458333333334,136.901465
35.168458333333334,136.901465
35.16832333333333,136.90122333333332
35.16832,136.90118333333334
35.16831833333333,136.90114833333334
35.16831833333333,136.90111666666667
35.16831833333333,136.90107666666665
35.16832,136.90103
35.16832333333333,136.900975
35.168326666666665,136.90091833333332
35.168326666666665,136.90085333333334
35.168328333333335,136.90078833333334
35.16833166666667,136.90072
35.16833166666667,136.90066333333334
35.16833,136.900605
35.16833166666667,136.90054333333333
35.16833333333334,136.90049333333334
35.16833166666667,136.90044166666667
35.16833333333334,136.90039666666667
35.16833333333334,136.90036
35.168335,136.90032333333335
35.168335,136.900315
35.16833166666667,136.900295
35.168326666666665,136.900285
35.168325,136.900275
35.168321666666664,136.90027166666667
35.168325,136.90027333333333
35.168326666666665,136.90027166666667
35.168325,136.90026333333333
35.16832333333333,136.90025166666666
35.16832,136.90023166666666
35.16831666666667,136.90021833333333
35.16831333333333,136.9002
35.16831333333333,136.90018666666666
35.16831166666667,136.90017166666667
35.168308333333336,136.90015833333334
35.168308333333336,136.90014833333333
35.16831166666667,136.90014166666666
35.16831333333333,136.90013666666667
35.16831666666667,136.90012166666668
35.16831833333333,136.90010833333332
35.16832,136.90009
35.168321666666664,136.90008
35.168321666666664,136.900065
35.16832333333333,136.90005333333335
35.16832333333333,136.900045
35.16832333333333,136.90003833333333
35.168326666666665,136.90003166666668
35.168328333333335,136.90002833333332
35.168328333333335,136.90002333333334
35.168326666666665,136.900015
35.168328333333335,136.90001666666666
35.168328333333335,136.90001833333332
35.168328333333335,136.90002166666667
35.168326666666665,136.90001833333332
35.168326666666665,136.900015
35.168328333333335,136.900005
35.16833166666667,136.89999833333334
35.168335,136.899995
35.168335,136.89999166666666
35.16833166666667,136.89998833333334
35.16833166666667,136.899985
35.16833333333334,136.899975
35.168328333333335,136.89995666666667
35.168325,136.89993666666666
35.168321666666664,136.89991333333333
35.16831666666667,136.89987833333333
35.16831333333333,136.89984833333332
35.168305,136.89979833333334
35.1683,136.899755
35.168295,136.89968
35.16829166666667,136.89962166666666
35.16829166666667,136.89956166666667
35.16829,136.89949666666666
35.168283333333335,136.89943166666666
35.16827833333333,136.89937166666667
35.168275,136.89931
35.16827333333333,136.89925333333332
35.16826833333333,136.89920166666667
35.16826666666667,136.89916833333334
35.168263333333336,136.89913666666666
35.168256666666665,136.89911
35.16824833333333,136.89909166666666
35.168243333333336,136.899085
35.168236666666665,136.89907166666666
35.168235,136.89907333333332
35.16822333333333,136.89905833333333
35.168218333333336,136.89904333333334
35.16822166666667,136.89903833333332
35.16822666666667,136.89903333333334
35.168216666666666,136.89902166666667
35.168216666666666,136.89900833333334
35.168213333333334,136.89899333333332
35.1682,136.898985
35.168191666666665,136.89896666666667
35.168185,136.89894833333332
35.168185,136.89893333333333
35.168186666666664,136.898925
35.168186666666664,136.89892
35.168185,136.898915
35.16818166666667,136.89890666666668
35.16817666666667,136.8989
35.168175,136.89889166666666
35.168171666666666,136.89888333333334
35.16817,136.898875
35.16817,136.898865
35.168165,136.89885333333334
35.16816,136.89885
35.16815833333333,136.898845
35.16815833333333,136.89884333333333
35.16815833333333,136.89884
35.16815833333333,136.89883666666665
35.16815666666667,136.89883333333333
35.168155,136.89883666666665
35.16815666666667,136.89883666666665
35.16815666666667,136.89883166666667
35.168155,136.89882833333334
35.168153333333336,136.89882666666668
35.168155,136.89882333333333
35.16817,136.898875
35.16817,136.898875
35.16817,136.898875
35.16817,136.898875
35.16817,136.898875
35.16817,136.898875
35.16817,136.898875
35.16817,136.898875
35.16815666666667,136.89873833333334
35.16816166666667,136.89872333333332
35.16816333333333,136.898705
35.168168333333334,136.898685
35.168175,136.89866166666667
35.16817833333333,136.89864
35.16818,136.89861666666667
35.16818166666667,136.8986
35.16818333333333,136.89857833333335
35.16818166666667,136.898555
35.16818333333333,136.89854
35.16818,136.89852833333333
35.16818333333333,136.89851333333334
35.16818,136.89849833333332
35.168175,136.89848333333333
35.16817833333333,136.89847
35.168173333333336,136.89845
35.168173333333336,136.89843
35.16817,136.89841333333334
35.168168333333334,136.8984
35.168168333333334,136.89838833333334
35.168173333333336,136.89837666666668
35.168175,136.89836
35.16818333333333,136.89834833333333
35.16819,136.898335
35.168195,136.89832166666667
35.168193333333335,136.89830666666666
35.168191666666665,136.898285
35.168185,136.89825666666667
35.16817666666667,136.89823666666666
35.168173333333336,136.89822333333333
35.168168333333334,136.89821
35.16816333333333,136.89819
35.16816,136.89817166666666
35.16815666666667,136.89816
35.168155,136.89815166666668
35.16815166666667,136.898135
35.16815,136.898125
35.168148333333335,136.89810666666668
35.16815166666667,136.898095
35.16815666666667,136.89808666666667
35.16815833333333,136.89808166666666
35.16816333333333,136.89808
35.168168333333334,136.89807
35.168168333333334,136.89805666666666
35.168168333333334,136.89803833333335
35.168173333333336,136.898025
35.16817666666667,136.89801333333332
35.168185,136.89800833333334
35.168191666666665,136.897995
35.16818833333333,136.89798
35.16818,136.897965
35.16817,136.89795166666667
35.168165,136.897935
35.16816333333333,136.897915
35.16815666666667,136.89789333333334
35.168145,136.89786166666667
35.16813333333333,136.89784
35.168121666666664,136.89782166666666
35.16811,136.89781
35.168101666666665,136.8978
35.168095,136.89778333333334
35.16809,136.897775
35.16808833333333,136.89776166666667
35.16808833333333,136.89775
35.16808833333333,136.89773333333332
35.16808666666667,136.89772333333335
35.16808833333333,136.89771333333334
35.16809,136.89770666666666
35.16809,136.89769
35.16808833333333,136.89767333333333
35.16808666666667,136.89765666666668
35.168083333333335,136.89763833333333
35.168083333333335,136.89762333333334
35.168085,136.89760666666666
35.16808666666667,136.89759666666666
35.168085,136.89758
35.168085,136.897565
35.168081666666666,136.89754833333333
35.16808,136.89753166666668
35.16808,136.89751833333332
35.168078333333334,136.897505
35.168076666666664,136.89748166666666
35.168075,136.89745666666667
35.16807333333333,136.89744166666668
35.168075,136.89743166666668
35.168076666666664,136.89742333333334
35.168078333333334,136.897415
35.168076666666664,136.89740666666665
35.168076666666664,136.89739666666668
35.168076666666664,136.89738333333332
35.168075,136.89737166666666
35.168076666666664,136.89736
35.16808,136.89735333333334
35.168083333333335,136.89735
35.16808833333333,136.89734833333333
35.168095,136.897355
35.16809833333333,136.89735333333334
35.1681,136.89734833333333
35.168101666666665,136.89735166666668
35.168101666666665,136.89735666666667
35.168105,136.89736666666667
35.16810666666667,136.897375
35.16810666666667,136.897375
35.168108333333336,136.89737666666667
35.16808,136.89738333333332
35.16808,136.89738333333332
35.16808,136.89738333333332
35.16808,136.89738333333332
35.16808,136.89738333333332
35.16808,136.89738333333332
35.16808,136.89738333333332
35.16808,136.89738333333332
35.16808,136.89738333333332
35.16808,136.89738333333332
35.16808,136.89738333333332
35.16808,136.89738333333332
35.16808,136.89738333333332
35.16808,136.89738333333332
35.16808,136.89738333333332
35.16808,136.89738333333332
35.16808,136.89738333333332
35.16808,136.89738333333332
35.16808,136.89738333333332
35.16811666666667,136.897385
35.16812,136.89737833333334
35.168123333333334,136.89737166666666
35.16813166666667,136.89736333333335
35.16813833333333,136.89735833333333
35.168145,136.89736
35.168153333333336,136.89735666666667
35.16816333333333,136.89735333333334
35.168171666666666,136.89735333333334
35.16818833333333,136.89734833333333
35.168215000000004,136.89733833333332
35.168238333333335,136.89733166666667
35.16827833333333,136.89731666666665
35.16831666666667,136.897315
35.16835833333333,136.89731333333333
35.16840833333333,136.89731333333333
35.168456666666664,136.89731166666667
35.168508333333335,136.89731166666667
35.16855833333333,136.89731
35.16860833333333,136.89730166666666
35.168661666666665,136.89729666666668
35.16871166666667,136.89729166666666
35.16876666666667,136.89728333333332
35.168818333333334,136.89728166666666
35.16887,136.89728333333332
35.16892,136.89728
35.168971666666664,136.89727
35.169021666666666,136.89727666666667
35.169075,136.89725833333333
35.16912666666666,136.89723833333332
35.16917333333333,136.89723166666667
35.16922,136.89721166666666
35.16927,136.89719166666666
35.16931666666667,136.897185
35.16936833333333,136.89717666666667
35.16941833333333,136.89717333333334
35.16947,136.89717833333333
35.16952,136.89718
35.16957,136.89718333333334
35.16962,136.89718333333334
35.169669999999996,136.89718833333333
35.169718333333336,136.89719666666667
35.169765,136.897195
35.16981666666667,136.897185
35.16987,136.89716833333333
35.16992333333334,136.89714333333333
35.16997666666666,136.897135
35.170025,136.89712166666666
35.170065,136.89710833333334
35.170105,136.897105
35.170141666666666,136.89709833333333
35.170183333333334,136.89709
35.170226666666665,136.89709
35.170271666666665,136.89709
35.170315,136.897105
35.170361666666665,136.89711333333332
35.170411666666666,136.89711666666668
35.17046333333333,136.89711666666668
35.17051333333333,136.89712666666668
35.170563333333334,136.89712833333334
35.170615,136.897125
35.170665,136.89713166666667
35.170715,136.89714
35.170766666666665,136.897145
35.170815,136.897145
35.17086666666667,136.897145
35.170915,136.897125
35.17096,136.897095
35.17100166666667,136.89705166666667
35.171035,136.89701833333334
35.171065,136.89699833333333
35.17109833333333,136.89699333333334
35.17113333333333,136.89699166666668
35.17117,136.89699
35.171215,136.89698333333334
35.171258333333334,136.89698
35.171305,136.89697833333332
35.171351666666666,136.89697166666667
35.1714,136.89696333333333
35.17144666666667,136.89696166666667
35.171508333333335,136.89695666666665
35.17156,136.89694333333333
35.171598333333336,136.89693833333334
35.17164666666667,136.89692666666667
35.17169333333333,136.89692833333334
35.17174166666667,136.896925
35.171791666666664,136.89692666666667
35.17184,136.89692333333332
35.171888333333335,136.896915
35.17193833333334,136.89691166666665
35.17198833333333,136.896905
35.172041666666665,136.89690333333334
35.172095,136.89689833333333
35.17214833333333,136.89689333333334
35.1722,136.89689
35.17225,136.89689666666666
35.17230166666667,136.89687833333332
35.172355,136.89687166666667
35.17240833333334,136.89686833333334
35.172455,136.89686666666665
35.17250166666667,136.89686666666665
35.17254,136.89686666666665
35.172556666666665,136.89686833333334
35.17256666666667,136.89686666666665
35.172583333333336,136.89686833333334
35.17259,136.896865
35.172595,136.896865
35.172601666666665,136.89686166666667
35.17260666666667,136.89685833333334
35.17261,136.89684833333334
35.172615,136.89685166666666
35.17261666666667,136.89684333333332
35.17262,136.89683166666666
35.172625,136.89683333333335
35.172635,136.8968
