35.1732285,136.8973579
35.1732285,136.8973579
35.1732285,136.8973579
35.1732285,136.8973579
35.1732285,136.8973579
35.1732285,136.8973579
35.1732285,136.8973579
35.1732285,136.8973579
35.1732285,136.8973579
35.1732285,136.8973579
35.1732002,136.8973203
35.1732002,136.8973203
35.1732002,136.8973203
35.1732002,136.8973203
35.1732002,136.8973203
35.1732002,136.8973203
35.1732002,136.8973203
35.1732002,136.8973203
35.1732037,136.8973476
35.1732037,136.8973476
35.1732037,136.8973476
35.1732037,136.8973476
35.1732037,136.8973476
35.1732037,136.8973476
35.1732091,136.8973482
35.1732091,136.8973482
35.1732091,136.8973482
35.1732091,136.8973482
35.1732091,136.8973482
35.1732091,136.8973482
35.1732091,136.8973482
35.1732091,136.8973482
35.1732617,136.8974267
35.1732617,136.8974267
35.1732617,136.8974267
35.1732617,136.8974267
35.1732617,136.8974267
35.1732617,136.8974267
35.1732812,136.8974458
35.1732812,136.8974458
35.1732812,136.8974458
35.1732812,136.8974458
35.1732812,136.8974458
35.1732786,136.8974218
35.1732786,136.8974218
35.1732786,136.8974218
35.1732786,136.8974218
35.1732786,136.8974218
35.1732786,136.8974218
35.1732786,136.8974218
35.1732786,136.8974218
35.1732786,136.8974218
35.1732788,136.8974237
35.1732788,136.8974237
35.1732788,136.8974237
35.1732788,136.8974237
35.1732788,136.8974237
35.1732788,136.8974238
35.1732788,136.8974238
35.1732788,136.8974238
35.1732788,136.8974238
35.1732788,136.8974238
35.1732788,136.8974238
35.1732788,136.8974238
35.1733083,136.8977479
35.1733083,136.8977479
35.1733083,136.8977479
35.1733083,136.8977479
35.1733083,136.8977479
35.1733042,136.8980278
35.1733042,136.8980278
35.1733042,136.8980278
35.1733042,136.8980278
35.1733042,136.8980278
35.1733042,136.8980278
35.1733042,136.8980278
35.1732864,136.8984778
35.1732864,136.8984778
35.1732864,136.8984778
35.1732864,136.8984778
35.1732864,136.8984778
35.1732864,136.8984778
35.1732864,136.8984778
35.1732864,136.8984778
35.1732864,136.8984778
35.1732864,136.8984778
35.1733415,136.8991911
35.1733415,136.8991911
35.1733415,136.8991911
35.1733415,136.8991911
35.1733415,136.8991911
35.1733415,136.8991911
35.1733415,136.8991911
35.1733415,136.8991911
35.1733415,136.8991911
35.1735115,136.8998807
35.1735115,136.8998807
35.1735115,136.8998807
35.1735115,136.8998807
35.1735115,136.8998807
35.1735115,136.8998807
35.1735905,136.9002547
35.1735905,136.9002547
35.1735905,136.9002547
35.1735905,136.9002547
35.1735905,136.9002547
35.1735905,136.9002547
35.1735905,136.9002547
35.1735905,136.9002547
35.1734972,136.9005366
35.1734972,136.9005366
35.1734972,136.9005366
35.1734972,136.9005366
35.1734972,136.9005366
35.1734972,136.9005366
35.1734972,136.9005366
35.1734972,136.9005366
35.1734972,136.9005366
35.173388,136.9004583
35.173388,136.9004583
35.173388,136.9004583
35.173388,136.9004583
35.173388,136.9004583
35.173388,136.9004583
35.1734331,136.9005492
35.1734331,136.9005492
35.1734331,136.9005492
35.1734331,136.9005492
35.1734331,136.9005492
35.1734331,136.9005492
35.1734331,136.9005492
35.1734331,136.9005492
35.1734331,136.9005492
35.173425,136.9007275
35.173425,136.9007275
35.173425,136.9007275
35.173425,136.9007275
35.173425,136.9007275
35.1734019,136.9007157
35.1734019,136.9007157
35.1734019,136.9007157
35.1734019,136.9007157
35.1734019,136.9007157
35.1733809,136.9006916
35.1733809,136.9006916
35.1733809,136.9006916
35.1733809,136.9006916
35.1733809,136.9006916
35.1733809,136.9006916
35.1733809,136.9006916
35.1733637,136.9006657
35.1733637,136.9006657
35.1733637,136.9006657
35.1733637,136.9006657
35.1733637,136.9006657
35.1733484,136.9006197
35.1733484,136.9006197
35.1733484,136.9006197
35.1733484,136.9006197
35.1733484,136.9006197
35.1734321,136.9005994
35.1734321,136.9005994
35.1734321,136.9005994
35.1734321,136.9005994
35.1734321,136.9005994
35.1734321,136.9005994
35.1734321,136.9005994
35.1734321,136.9005994
35.1734321,136.9005994
35.1734866,136.9006198
35.1734866,136.9006198
35.1734866,136.9006198
35.1734866,136.9006198
35.1734866,136.9006198
35.1734866,136.9006198
35.1734866,136.9006198
35.1734866,136.9006198
35.1734866,136.9006198
35.1734677,136.9006653
35.1734677,136.9006653
35.1734677,136.9006653
35.1734677,136.9006653
35.1734677,136.9006653
35.1734539,136.9006864
35.1734539,136.9006864
35.1734539,136.9006864
35.1734539,136.9006864
35.1734539,136.9006864
35.1734394,136.9007534
35.1734394,136.9007534
35.1734394,136.9007534
35.1734394,136.9007534
35.1734394,136.9007534
35.1734394,136.9007534
35.1734878,136.9010448
35.1734878,136.9010448
35.1734878,136.9010448
35.1734878,136.9010448
35.1734878,136.9010448
35.1734878,136.9010448
35.1734878,136.9010448
35.1734878,136.9010448
35.1734878,136.9010448
35.1737546,136.9016967
35.1737546,136.9016967
35.1737546,136.9016967
35.1737546,136.9016967
35.1737546,136.9016967
35.1738387,136.901944
35.1738387,136.901944
35.1738387,136.901944
35.1738387,136.901944
35.1738387,136.901944
35.1737652,136.9021815
35.1737652,136.9021815
35.1737652,136.9021815
35.1737652,136.9021815
35.1737652,136.9021815
35.1737652,136.9021815
35.1737652,136.9021815
35.1737652,136.9021815
35.1737652,136.9021815
35.1737652,136.9021815
35.1737652,136.9021815
35.1737652,136.9021815
35.1737652,136.9021815
35.1737652,136.9021815
35.1737652,136.9021815
35.1737652,136.9021815
35.1737652,136.9021815
35.1737652,136.9021815
35.1737652,136.9021815
35.1737652,136.9021815
35.1737652,136.9021815
35.1737652,136.9021815
35.1737652,136.9021815
35.1735262,136.9035781
35.1735262,136.9035781
35.1735262,136.9035781
35.1735262,136.9035781
35.1735262,136.9035781
35.1735262,136.9035781
35.1735262,136.9035781
35.1735262,136.9035781
35.1736454,136.9040237
35.1736454,136.9040237
35.1736454,136.9040237
35.1736454,136.9040237
35.1736454,136.9040237
35.173676,136.9042471
35.173676,136.9042471
35.173676,136.9042471
35.173676,136.9042471
35.173676,136.9042471
35.1736612,136.90453
35.1736612,136.90453
35.1736612,136.90453
35.1736612,136.90453
35.1736612,136.90453
35.1736612,136.90453
35.1736612,136.90453
35.1736612,136.90453
35.1736612,136.90453
35.1736612,136.90453
35.1736612,136.90453
35.1736612,136.90453
35.1736612,136.90453
35.1736612,136.90453
35.1736612,136.90453
35.1737743,136.9054359
35.1737743,136.9054359
35.1737743,136.9054359
35.1737743,136.9054359
35.1737743,136.9054359
35.1737743,136.9054359
35.1737743,136.9054359
35.1737743,136.9054359
35.1737743,136.9054359
35.1737743,136.9054359
35.173736,136.906069
35.173736,136.906069
35.173736,136.906069
35.173736,136.906069
35.173736,136.906069
35.173736,136.906069
35.173736,136.906069
35.173736,136.906069
35.1737011,136.9062422
35.1737011,136.9062422
35.1737011,136.9062422
35.1737011,136.9062422
35.1737011,136.9062422
35.1737659,136.9063812
35.1737659,136.9063812
35.1737659,136.9063812
35.1737659,136.9063812
35.1737659,136.9063812
35.173874,136.9066101
35.173874,136.9066101
35.173874,136.9066101
35.173874,136.9066101
35.173874,136.9066101
35.1739465,136.9067517
35.1739465,136.9067517
35.1739465,136.9067517
35.1739465,136.9067517
35.1739465,136.9067517
35.173961,136.9067302
35.173961,136.9067302
35.173961,136.9067302
35.173961,136.9067302
35.173961,136.9067302
35.1739285,136.9066564
35.1739285,136.9066564
35.1739285,136.9066564
35.1739285,136.9066564
35.1739285,136.9066564
35.1739285,136.9066564
35.1739285,136.9066564
35.1739285,136.9066564
35.1739285,136.9066564
35.1739603,136.906527
35.1739603,136.906527
35.1739603,136.906527
35.1739603,136.906527
35.1739603,136.906527
35.1739603,136.906527
35.1739603,136.906527
35.173967,136.9064489
35.173967,136.9064489
35.173967,136.9064489
35.173967,136.9064489
35.173967,136.9064489
35.173967,136.9064489
35.173967,136.9064489
35.173967,136.9064489
35.173967,136.9064489
35.1739398,136.9064602
35.1739398,136.9064602
35.1739398,136.9064602
35.1739398,136.9064602
35.1739398,136.9064602
35.1739344,136.9064672
35.1739344,136.9064672
35.1739344,136.9064672
35.1739344,136.9064672
35.1739344,136.9064672
35.1739253,136.9064768
35.1739253,136.9064768
35.1739253,136.9064768
35.1739253,136.9064768
35.1739253,136.9064768
35.1739216,136.9064725
35.1739216,136.9064725
35.1739216,136.9064725
35.1739216,136.9064725
35.1739216,136.9064725
35.1739216,136.9064725
35.1739216,136.9064725
35.1739216,136.9064725
35.1739216,136.9064725
35.1739216,136.9064725
35.1739171,136.906463
35.1739171,136.906463
35.1739171,136.906463
35.1739171,136.906463
35.1739171,136.906463
35.1739171,136.906463
35.1739171,136.906463
35.1739171,136.906463
35.1739171,136.906463
35.1734476,136.906485
35.1734476,136.906485
35.1734476,136.906485
35.1734476,136.906485
35.1734476,136.906485
35.1734476,136.906485
35.1731,136.9065117
35.1731,136.9065117
35.1731,136.9065117
35.1731,136.9065117
35.1731,136.9065117
35.1728095,136.9065671
35.1728095,136.9065671
35.1728095,136.9065671
35.1728095,136.9065671
35.1728095,136.9065671
35.1728095,136.9065671
35.1728095,136.9065671
35.1728095,136.9065671
35.1728095,136.9065671
35.1723351,136.9066801
35.1723351,136.9066801
35.1723351,136.9066801
35.1723351,136.9066801
35.1723351,136.9066801
35.1723351,136.9066801
35.1723351,136.9066801
35.1720008,136.9067178
35.1720008,136.9067178
35.1720008,136.9067178
35.1720008,136.9067178
35.1720008,136.9067178
35.1720008,136.9067178
35.1720008,136.9067178
35.1720008,136.9067178
35.1716199,136.9067206
35.1716199,136.9067206
35.1716199,136.9067206
35.1716199,136.9067206
35.1716199,136.9067206
35.1714228,136.9067276
35.1714228,136.9067276
35.1714228,136.9067276
35.1714228,136.9067276
35.1714228,136.9067276
35.1714228,136.9067276
35.1711953,136.9067535
35.1711953,136.9067535
35.1711953,136.9067535
35.1711953,136.9067535
35.1711953,136.9067535
35.1711953,136.9067535
35.1709984,136.906772
35.1709984,136.906772
35.1709984,136.906772
35.1709984,136.906772
35.1709984,136.906772
35.1709256,136.9067616
35.1709256,136.9067616
35.1709256,136.9067616
35.1709256,136.9067616
35.1709256,136.9067616
35.1709256,136.9067616
35.1709256,136.9067616
35.1709256,136.9067616
35.1709256,136.9067616
35.170793,136.9066792
35.170793,136.9066792
35.170793,136.9066792
35.170793,136.9066792
35.170793,136.9066792
35.170793,136.9066792
35.170793,136.9066792
35.170793,136.9066792
35.170793,136.9066792
35.1706956,136.9065831
35.1706956,136.9065831
35.1706956,136.9065831
35.1706956,136.9065831
35.1706956,136.9065831
35.1706904,136.9065723
35.1706904,136.9065723
35.1706904,136.9065723
35.1706904,136.9065723
35.1706904,136.9065723
35.1706873,136.9065676
35.1706873,136.9065676
35.1706873,136.9065676
35.1706873,136.9065676
35.1706873,136.9065676
35.1706847,136.9065691
35.1706847,136.9065691
35.1706847,136.9065691
35.1706847,136.9065691
35.1706847,136.9065691
35.1706847,136.9065691
35.1706831,136.9065645
35.1706831,136.9065645
35.1706831,136.9065645
35.1706831,136.9065645
35.1706831,136.9065645
35.1706825,136.9065615
35.1706825,136.9065615
35.1706825,136.9065615
35.1706825,136.9065615
35.1706825,136.9065615
35.1706825,136.9065615
35.1706825,136.9065615
35.1706825,136.9065615
35.1706825,136.9065615
35.1706824,136.9065609
35.1706824,136.9065609
35.1706824,136.9065609
35.1706824,136.9065609
35.1706824,136.9065609
35.1706825,136.9065608
35.1706825,136.9065608
35.1706825,136.9065608
35.1706825,136.9065608
35.1706825,136.9065608
35.1706825,136.9065607
35.1706825,136.9065607
35.1706825,136.9065607
35.1706825,136.9065607
35.1706825,136.9065607
35.1706825,136.9065606
35.1706825,136.9065606
35.1706825,136.9065606
35.1706825,136.9065606
35.1706825,136.9065606
35.1705616,136.9065581
35.1705616,136.9065581
35.1705616,136.9065581
35.1705616,136.9065581
35.1705616,136.9065581
35.1702753,136.9066705
35.1702753,136.9066705
35.1702753,136.9066705
35.1702753,136.9066705
35.1702753,136.9066705
35.1699868,136.9067815
35.1699868,136.9067815
35.1699868,136.9067815
35.1699868,136.9067815
35.1699868,136.9067815
35.1697508,136.906795
35.1697508,136.906795
35.1697508,136.906795
35.1697508,136.906795
35.1697508,136.906795
35.1695833,136.906889
35.1695833,136.906889
35.1695833,136.906889
35.1695833,136.906889
35.1695833,136.906889
35.1692673,136.9069581
35.1692673,136.9069581
35.1692673,136.9069581
35.1692673,136.9069581
35.1692673,136.9069581
35.1692673,136.9069581
35.1690218,136.9069923
35.1690218,136.9069923
35.1690218,136.9069923
35.1690218,136.9069923
35.1690218,136.9069923
35.1690218,136.9069923
35.1688236,136.9071235
35.1688236,136.9071235
35.1688236,136.9071235
35.1688236,136.9071235
35.1688236,136.9071235
35.1688236,136.9071235
35.1688236,136.9071235
35.1688236,136.9071235
35.1688236,136.9071235
35.168509,136.9071022
35.168509,136.9071022
35.168509,136.9071022
35.168509,136.9071022
35.168509,136.9071022
35.1681754,136.9071162
35.1681754,136.9071162
35.1681754,136.9071162
35.1681754,136.9071162
35.1681754,136.9071162
35.1678804,136.9071357
35.1678804,136.9071357
35.1678804,136.9071357
35.1678804,136.9071357
35.1678804,136.9071357
35.1678804,136.9071357
35.1678804,136.9071357
35.1678804,136.9071357
35.1678804,136.9071357
35.1673927,136.9071281
35.1673927,136.9071281
35.1673927,136.9071281
35.1673927,136.9071281
35.1673927,136.9071281
35.1671407,136.9070691
35.1671407,136.9070691
35.1671407,136.9070691
35.1671407,136.9070691
35.1671407,136.9070691
35.1669461,136.9070996
35.1669461,136.9070996
35.1669461,136.9070996
35.1669461,136.9070996
35.1669461,136.9070996
35.1667473,136.9072128
35.1667473,136.9072128
35.1667473,136.9072128
35.1667473,136.9072128
35.1667473,136.9072128
35.1664552,136.9072433
35.1664552,136.9072433
35.1664552,136.9072433
35.1664552,136.9072433
35.1664552,136.9072433
35.1664552,136.9072433
35.1661913,136.9072766
35.1661913,136.9072766
35.1661913,136.9072766
35.1661913,136.9072766
35.1661913,136.9072766
35.1659187,136.9072499
35.1659187,136.9072499
35.1659187,136.9072499
35.1659187,136.9072499
35.1659187,136.9072499
35.1659187,136.9072499
35.1659187,136.9072499
35.1659187,136.9072499
35.1659187,136.9072499
35.1659187,136.9072499
35.1659187,136.9072499
35.1659187,136.9072499
35.1653316,136.9072631
35.1653316,136.9072631
35.1653316,136.9072631
35.1653316,136.9072631
35.1653316,136.9072631
35.1653316,136.9072631
35.1651545,136.9072249
35.1651545,136.9072249
35.1651545,136.9072249
35.1651545,136.9072249
35.1651545,136.9072249
35.1651545,136.9072249
35.1651545,136.9072249
35.1651545,136.9072249
35.1651545,136.9072249
35.1651545,136.9072249
35.1651545,136.9072249
35.1651545,136.9072249
35.1651545,136.9072249
35.1651545,136.9072249
35.1651545,136.9072249
35.1651545,136.9072249
35.1649743,136.907101
35.1649743,136.907101
35.1649743,136.907101
35.1649743,136.907101
35.1649743,136.907101
35.1649743,136.907101
35.1649743,136.907101
35.1649743,136.907101
35.1649743,136.907101
35.1649743,136.907101
35.1649456,136.9070916
35.1649456,136.9070916
35.1649456,136.9070916
35.1649456,136.9070916
35.1649456,136.9070916
35.1649456,136.9070916
35.1649456,136.9070916
35.1649456,136.9070916
35.1649456,136.9070916
35.1649496,136.9071261
35.1649496,136.9071261
35.1649496,136.9071261
35.1649496,136.9071261
35.1649496,136.9071261
35.1649374,136.907161
35.1649374,136.907161
35.1649374,136.907161
35.1649374,136.907161
35.1649374,136.907161
35.1649374,136.907161
35.1649374,136.907161
35.1649374,136.907161
35.1649374,136.907161
35.1649374,136.907161
35.1649374,136.907161
35.1649374,136.907161
35.1649374,136.907161
35.1649374,136.907161
35.1649374,136.907161
35.1649374,136.907161
35.1649374,136.907161
35.164935,136.9075979
35.164935,136.9075979
35.164935,136.9075979
35.164935,136.9075979
35.164935,136.9075979
35.164935,136.9075979
35.164935,136.9075979
35.164672,136.9073639
35.164672,136.9073639
35.164672,136.9073639
35.164672,136.9073639
35.164672,136.9073639
35.1644422,136.90726
35.1644422,136.90726
35.1644422,136.90726
35.1644422,136.90726
35.1644422,136.90726
35.1644422,136.90726
35.1644422,136.90726
35.1640656,136.9071132
35.1640656,136.9071132
35.1640656,136.9071132
35.1640656,136.9071132
35.1640656,136.9071132
35.1640656,136.9071132
35.1640656,136.9071132
35.1640656,136.9071132
35.1640656,136.9071132
35.1636602,136.9069257
35.1636602,136.9069257
35.1636602,136.9069257
35.1636602,136.9069257
35.1636602,136.9069257
35.1635329,136.9068984
35.1635329,136.9068984
35.1635329,136.9068984
35.1635329,136.9068984
35.1635329,136.9068984
35.1632585,136.9068962
35.1632585,136.9068962
35.1632585,136.9068962
35.1632585,136.9068962
35.1632585,136.9068962
35.1632585,136.9068962
35.1632585,136.9068962
35.1632585,136.9068962
35.1632585,136.9068962
35.1632585,136.9068962
35.162927,136.9069012
35.162927,136.9069012
35.162927,136.9069012
35.162927,136.9069012
35.162927,136.9069012
35.162927,136.9069012
35.1629031,136.9068937
35.1629031,136.9068937
35.1629031,136.9068937
35.1629031,136.9068937
35.1629031,136.9068937
35.1629031,136.9068937
35.1629031,136.9068937
35.1629031,136.9068937
35.1629031,136.9068937
35.1631791,136.9068842
35.1631791,136.9068842
35.1631791,136.9068842
35.1631791,136.9068842
35.1631791,136.9068842
35.1632577,136.9069222
35.1632577,136.9069222
35.1632577,136.9069222
35.1632577,136.9069222
35.1632577,136.9069222
35.1632577,136.9069222
35.1632577,136.9069222
35.1632577,136.9069222
35.1632577,136.9069222
35.1632698,136.9068115
35.1632698,136.9068115
35.1632698,136.9068115
35.1632698,136.9068115
35.1632698,136.9068115
35.1632779,136.9066476
35.1632779,136.9066476
35.1632779,136.9066476
35.1632779,136.9066476
35.1632779,136.9066476
35.1632779,136.9066476
35.1633411,136.9063869
35.1633411,136.9063869
35.1633411,136.9063869
35.1633411,136.9063869
35.1633411,136.9063869
35.1633771,136.9058758
35.1633771,136.9058758
35.1633771,136.9058758
35.1633771,136.9058758
35.1633771,136.9058758
35.1633771,136.9058758
35.1633771,136.9058758
35.1633771,136.9058758
35.1633771,136.9058758
35.1634411,136.9055864
35.1634411,136.9055864
35.1634411,136.9055864
35.1634411,136.9055864
35.1634411,136.9055864
35.1634458,136.9052951
35.1634458,136.9052951
35.1634458,136.9052951
35.1634458,136.9052951
35.1634458,136.9052951
35.163486,136.9049448
35.163486,136.9049448
35.163486,136.9049448
35.163486,136.9049448
35.163486,136.9049448
35.1635185,136.904584
35.1635185,136.904584
35.1635185,136.904584
35.1635185,136.904584
35.1635185,136.904584
35.1635662,136.9043211
35.1635662,136.9043211
35.1635662,136.9043211
35.1635662,136.9043211
35.1635662,136.9043211
35.1636396,136.9042271
35.1636396,136.9042271
35.1636396,136.9042271
35.1636396,136.9042271
35.1636396,136.9042271
35.1636396,136.9042271
35.1636843,136.9041576
35.1636843,136.9041576
35.1636843,136.9041576
35.1636843,136.9041576
35.1636843,136.9041576
35.1637202,136.9042678
35.1637202,136.9042678
35.1637202,136.9042678
35.1637202,136.9042678
35.1637202,136.9042678
35.1637202,136.9042678
35.1637202,136.9042678
35.1637202,136.9042678
35.1637202,136.9042678
35.1636907,136.9041853
35.1636907,136.9041853
35.1636907,136.9041853
35.1636907,136.9041853
35.1636907,136.9041853
35.1637127,136.9039957
35.1637127,136.9039957
35.1637127,136.9039957
35.1637127,136.9039957
35.1637127,136.9039957
35.1637276,136.9037468
35.1637276,136.9037468
35.1637276,136.9037468
35.1637276,136.9037468
35.1637276,136.9037468
35.1637276,136.9037468
35.1637375,136.9033271
35.1637375,136.9033271
35.1637375,136.9033271
35.1637375,136.9033271
35.1637375,136.9033271
35.1637375,136.9033271
35.1637375,136.9033271
35.1637375,136.9033271
35.1637375,136.9033271
35.1637375,136.9033271
35.1637568,136.9026633
35.1637568,136.9026633
35.1637568,136.9026633
35.1637568,136.9026633
35.1637568,136.9026633
35.1638119,136.9024856
35.1638119,136.9024856
35.1638119,136.9024856
35.1638119,136.9024856
35.1638119,136.9024856
35.1638119,136.9024856
35.1638119,136.9024856
35.1638119,136.9024856
35.1639071,136.9024181
35.1639071,136.9024181
35.1639071,136.9024181
35.1639071,136.9024181
35.1639071,136.9024181
35.1639599,136.9023977
35.1639599,136.9023977
35.1639599,136.9023977
35.1639599,136.9023977
35.1639599,136.9023977
35.163997,136.9023932
35.163997,136.9023932
35.163997,136.9023932
35.163997,136.9023932
35.163997,136.9023932
35.163997,136.9023932
35.163997,136.9023932
35.163997,136.9023932
35.163997,136.9023932
35.163997,136.9023932
35.163997,136.9023932
35.1640805,136.9023571
35.1640805,136.9023571
35.1640805,136.9023571
35.1640805,136.9023571
35.1640805,136.9023571
35.1640805,136.9023571
35.1640805,136.9023571
35.1640805,136.9023571
35.1640805,136.9023571
35.1640805,136.9023571
35.1641103,136.9024156
35.1641103,136.9024156
35.1641103,136.9024156
35.1641103,136.9024156
35.1641103,136.9024156
35.1641103,136.9024156
35.1641355,136.9024442
35.1641355,136.9024442
35.1641355,136.9024442
35.1641355,136.9024442
35.1641355,136.9024442
35.1641355,136.9024442
35.1641355,136.9024442
35.1641355,136.9024442
35.1641355,136.9024442
35.1641355,136.9024442
35.1642326,136.9025717
35.1642326,136.9025717
35.1642326,136.9025717
35.1642326,136.9025717
35.1642326,136.9025717
35.1642721,136.9025706
35.1642721,136.9025706
35.1642721,136.9025706
35.1642721,136.9025706
35.1642721,136.9025706
35.1642721,136.9025706
35.1642721,136.9025706
35.1642721,136.9025706
35.1642721,136.9025706
35.1642855,136.9025491
35.1642855,136.9025491
35.1642855,136.9025491
35.1642855,136.9025491
35.1642855,136.9025491
35.1642855,136.9025491
35.1642855,136.9025491
35.1642855,136.9025491
35.1642855,136.9025491
35.1640781,136.9022451
35.1640781,136.9022451
35.1640781,136.9022451
35.1640781,136.9022451
35.1640781,136.9022451
35.1640938,136.9022209
35.1640938,136.9022209
35.1640938,136.9022209
35.1640938,136.9022209
35.1640938,136.9022209
35.1642347,136.9022547
35.1642347,136.9022547
35.1642347,136.9022547
35.1642347,136.9022547
35.1642347,136.9022547
35.1642347,136.9022547
35.1644406,136.9023053
35.1644406,136.9023053
35.1644406,136.9023053
35.1644406,136.9023053
35.1644406,136.9023053
35.1644406,136.9023053
35.1644406,136.9023053
35.1644406,136.9023053
35.1644406,136.9023053
35.1647051,136.9023567
35.1647051,136.9023567
35.1647051,136.9023567
35.1647051,136.9023567
35.1647051,136.9023567
35.164886,136.9022788
35.164886,136.9022788
35.164886,136.9022788
35.164886,136.9022788
35.164886,136.9022788
35.1649693,136.9022648
35.1649693,136.9022648
35.1649693,136.9022648
35.1649693,136.9022648
35.1649693,136.9022648
35.1650844,136.9022978
35.1650844,136.9022978
35.1650844,136.9022978
35.1650844,136.9022978
35.1650844,136.9022978
35.165152,136.902344
35.165152,136.902344
35.165152,136.902344
35.165152,136.902344
35.165152,136.902344
35.165152,136.902344
35.165152,136.902344
35.1651895,136.9023691
35.1651895,136.9023691
35.1651895,136.9023691
35.1651895,136.9023691
35.1651895,136.9023691
35.1651895,136.9023691
35.1651895,136.9023691
35.1651895,136.9023691
35.1653601,136.9024412
35.1653601,136.9024412
35.1653601,136.9024412
35.1653601,136.9024412
35.1653601,136.9024412
35.1653601,136.9024412
35.1653601,136.9024412
35.1653601,136.9024412
35.1653601,136.9024412
35.1654422,136.902452
35.1654422,136.902452
35.1654422,136.902452
35.1654422,136.902452
35.1654422,136.902452
35.1654608,136.9024563
35.1654608,136.9024563
35.1654608,136.9024563
35.1654608,136.9024563
35.1654608,136.9024563
35.16548,136.9024519
35.16548,136.9024519
35.16548,136.9024519
35.16548,136.9024519
35.16548,136.9024519
35.16548,136.9024519
35.1656046,136.9024665
35.1656046,136.9024665
35.1656046,136.9024665
35.1656046,136.9024665
35.1656046,136.9024665
35.1661958,136.9025215
35.1661958,136.9025215
35.1661958,136.9025215
35.1661958,136.9025215
35.1661958,136.9025215
35.1661958,136.9025215
35.1661958,136.9025215
35.1661958,136.9025215
35.1661958,136.9025215
35.1661958,136.9025215
35.1673071,136.9024942
35.1673071,136.9024942
35.1673071,136.9024942
35.1673071,136.9024942
35.1673071,136.9024942
35.1673071,136.9024942
35.1673071,136.9024942
35.1673071,136.9024942
35.1673071,136.9024942
35.1677662,136.9023578
35.1677662,136.9023578
35.1677662,136.9023578
35.1677662,136.9023578
35.1677662,136.9023578
35.1677662,136.9023578
35.1677662,136.9023578
35.1677662,136.9023578
35.1677662,136.9023578
35.1677662,136.9023578
35.1681344,136.9023576
35.1681344,136.9023576
35.1681344,136.9023576
35.1681344,136.9023576
35.1681344,136.9023576
35.1681344,136.9023576
35.1681344,136.9023576
35.1681344,136.9023576
35.1684376,136.9023355
35.1684376,136.9023355
35.1684376,136.9023355
35.1684376,136.9023355
35.1684376,136.9023355
35.1685063,136.9023456
35.1685063,136.9023456
35.1685063,136.9023456
35.1685063,136.9023456
35.1685063,136.9023456
35.1685487,136.9023638
35.1685487,136.9023638
35.1685487,136.9023638
35.1685487,136.9023638
35.1685487,136.9023638
35.1685487,136.9023638
35.1685487,136.9023638
35.1685487,136.9023638
35.1685487,136.9023638
35.1685487,136.9023638
35.1685487,136.9023638
35.1685487,136.9023638
35.1685487,136.9023638
35.1685487,136.9023638
35.1684457,136.9025842
35.1684457,136.9025842
35.1684457,136.9025842
35.1684457,136.9025842
35.1684457,136.9025842
35.1684457,136.9025842
35.1684457,136.9025842
35.1684457,136.9025842
35.1683816,136.9029827
35.1683816,136.9029827
35.1683816,136.9029827
35.1683816,136.9029827
35.1683816,136.9029827
35.1684533,136.9029636
35.1684533,136.9029636
35.1684533,136.9029636
35.1684533,136.9029636
35.1684533,136.9029636
35.1685122,136.9029135
35.1685122,136.9029135
35.1685122,136.9029135
35.1685122,136.9029135
35.1685122,136.9029135
35.1685122,136.9029135
35.1685122,136.9029135
35.1685565,136.9028718
35.1685565,136.9028718
35.1685565,136.9028718
35.1685565,136.9028718
35.1685565,136.9028718
35.1685565,136.9028718
35.1685565,136.9028718
35.1685565,136.9028718
35.1686113,136.9028568
35.1686113,136.9028568
35.1686113,136.9028568
35.1686113,136.9028568
35.1686113,136.9028568
35.168621,136.9028777
35.168621,136.9028777
35.168621,136.9028777
35.168621,136.9028777
35.168621,136.9028777
35.168621,136.9028777
35.1686279,136.9028746
35.1686279,136.9028746
35.1686279,136.9028746
35.1686279,136.9028746
35.1686279,136.9028746
35.168643,136.9028934
35.168643,136.9028934
35.168643,136.9028934
35.168643,136.9028934
35.168643,136.9028934
35.1686605,136.9028759
35.1686605,136.9028759
35.1686605,136.9028759
35.1686605,136.9028759
35.1686605,136.9028759
35.1686605,136.9028759
35.1686605,136.9028759
35.1686605,136.9028759
35.1686605,136.9028759
35.1686659,136.9028619
35.1686659,136.9028619
35.1686659,136.9028619
35.1686659,136.9028619
35.1686659,136.9028619
35.1686659,136.9028619
35.1686659,136.9028619
35.1686688,136.9028652
35.1686688,136.9028652
35.1686688,136.9028652
35.1686688,136.9028652
35.1686688,136.9028652
35.1686696,136.9028662
35.1686696,136.9028662
35.1686696,136.9028662
35.1686696,136.9028662
35.1686696,136.9028662
35.1686696,136.9028662
35.1686696,136.9028662
35.1686696,136.9028662
35.1686696,136.9028645
35.1686696,136.9028645
35.1686696,136.9028645
35.1686696,136.9028645
35.1686696,136.9028645
35.16867,136.9028641
35.16867,136.9028641
35.16867,136.9028641
35.16867,136.9028641
35.16867,136.9028641
35.16867,136.9028641
35.1686911,136.9028551
35.1686911,136.9028551
35.1686911,136.9028551
35.1686911,136.9028551
35.1686911,136.9028551
35.1686911,136.9028551
35.1686911,136.9028551
35.1686911,136.9028551
35.1686911,136.9028551
35.1686911,136.9028551
35.1686417,136.9024282
35.1686417,136.9024282
35.1686417,136.9024282
35.1686417,136.9024282
35.1686417,136.9024282
35.1686417,136.9024282
35.1686057,136.9021902
35.1686057,136.9021902
35.1686057,136.9021902
35.1686057,136.9021902
35.1686057,136.9021902
35.1686057,136.9021902
35.1686057,136.9021902
35.1686057,136.9021902
35.1686161,136.9020633
35.1686161,136.9020633
35.1686161,136.9020633
35.1686161,136.9020633
35.1686161,136.9020633
35.1686161,136.9020633
35.1684653,136.9018365
35.1684653,136.9018365
35.1684653,136.9018365
35.1684653,136.9018365
35.1684653,136.9018365
35.1684356,136.9017749
35.1684356,136.9017749
35.1684356,136.9017749
35.1684356,136.9017749
35.1684356,136.9017749
35.1684059,136.9016772
35.1684059,136.9016772
35.1684059,136.9016772
35.1684059,136.9016772
35.1684059,136.9016772
35.1684059,136.9016772
35.1684059,136.9016772
35.1684059,136.9016772
35.1684059,136.9016772
35.1685007,136.9013031
35.1685007,136.9013031
35.1685007,136.9013031
35.1685007,136.9013031
35.1685007,136.9013031
35.1685764,136.9008762
35.1685764,136.9008762
35.1685764,136.9008762
35.1685764,136.9008762
35.1685764,136.9008762
35.1685764,136.9008762
35.1685764,136.9008762
35.1685764,136.9008762
35.1685764,136.9008762
35.1685764,136.9008762
35.1685764,136.9008762
35.1685764,136.9008762
35.1685534,136.9004208
35.1685534,136.9004208
35.1685534,136.9004208
35.1685534,136.9004208
35.1685534,136.9004208
35.1685534,136.9004208
35.1685534,136.9004208
35.1685534,136.9004208
35.1685534,136.9004208
35.1685575,136.9005773
35.1685575,136.9005773
35.1685575,136.9005773
35.1685575,136.9005773
35.1685575,136.9005773
35.1685575,136.9005773
35.1685575,136.9005773
35.1685575,136.9005773
35.1685575,136.9005773
35.1685581,136.9004074
35.1685581,136.9004074
35.1685581,136.9004074
35.1685581,136.9004074
35.1685581,136.9004074
35.1685581,136.9004074
35.1685581,136.9004074
35.1685581,136.9004074
35.1685581,136.9004074
35.1685581,136.9004074
35.1685347,136.9002947
35.1685347,136.9002947
35.1685347,136.9002947
35.1685347,136.9002947
35.1685347,136.9002947
35.1683898,136.900223
35.1683898,136.900223
35.1683898,136.900223
35.1683898,136.900223
35.1683898,136.900223
35.1683222,136.9001891
35.1683222,136.9001891
35.1683222,136.9001891
35.1683222,136.9001891
35.1683222,136.9001891
35.1683127,136.9000367
35.1683127,136.9000367
35.1683127,136.9000367
35.1683127,136.9000367
35.1683127,136.9000367
35.1682863,136.8997038
35.1682863,136.8997038
35.1682863,136.8997038
35.1682863,136.8997038
35.1682863,136.8997038
35.1682863,136.8997038
35.1682525,136.8992029
35.1682525,136.8992029
35.1682525,136.8992029
35.1682525,136.8992029
35.1682525,136.8992029
35.1682525,136.8992029
35.1682525,136.8992029
35.1682525,136.8992029
35.1682525,136.8992029
35.1681885,136.8989069
35.1681885,136.8989069
35.1681885,136.8989069
35.1681885,136.8989069
35.1681885,136.8989069
35.1681885,136.8989069
35.1682439,136.8988304
35.1682439,136.8988304
35.1682439,136.8988304
35.1682439,136.8988304
35.1682439,136.8988304
35.1683146,136.8987729
35.1683146,136.8987729
35.1683146,136.8987729
35.1683146,136.8987729
35.1683146,136.8987729
35.1683466,136.898732
35.1683466,136.898732
35.1683466,136.898732
35.1683466,136.898732
35.1683466,136.898732
35.1683466,136.898732
35.1684204,136.898702
35.1684204,136.898702
35.1684204,136.898702
35.1684204,136.898702
35.1684204,136.898702
35.1684204,136.898702
35.1684204,136.898702
35.1684204,136.898702
35.1685522,136.8986562
35.1685522,136.8986562
35.1685522,136.8986562
35.1685522,136.8986562
35.1685522,136.8986562
35.1684506,136.8985262
35.1684506,136.8985262
35.1684506,136.8985262
35.1684506,136.8985262
35.1684506,136.8985262
35.1684209,136.8984805
35.1684209,136.8984805
35.1684209,136.8984805
35.1684209,136.8984805
35.1684209,136.8984805
35.1684097,136.8984934
35.1684097,136.8984934
35.1684097,136.8984934
35.1684097,136.8984934
35.1684097,136.8984934
35.1684191,136.898496
35.1684191,136.898496
35.1684191,136.898496
35.1684191,136.898496
35.1684191,136.898496
35.1684343,136.8985122
35.1684343,136.8985122
35.1684343,136.8985122
35.1684343,136.8985122
35.1684343,136.8985122
35.1684343,136.8985122
35.1684343,136.8985122
35.1684343,136.8985122
35.1684343,136.8985122
35.1684426,136.8984392
35.1684426,136.8984392
35.1684426,136.8984392
35.1684426,136.8984392
35.1684426,136.8984392
35.1684426,136.8984392
35.1684426,136.8984392
35.1683087,136.8983739
35.1683087,136.8983739
35.1683087,136.8983739
35.1683087,136.8983739
35.1683087,136.8983739
35.1683087,136.8983739
35.1683179,136.8982504
35.1683179,136.8982504
35.1683179,136.8982504
35.1683179,136.8982504
35.1683179,136.8982504
35.1683049,136.8981856
35.1683049,136.8981856
35.1683049,136.8981856
35.1683049,136.8981856
35.1683049,136.8981856
35.1683049,136.8981856
35.1683049,136.8981856
35.1683049,136.8981856
35.1683049,136.8981856
35.1683049,136.8981856
35.1683569,136.898063
35.1683569,136.898063
35.1683569,136.898063
35.1683569,136.898063
35.1683569,136.898063
35.1683569,136.898063
35.1683569,136.898063
35.1683569,136.898063
35.1683569,136.898063
35.168104,136.897768
35.168104,136.897768
35.168104,136.897768
35.168104,136.897768
35.168104,136.897768
35.1680856,136.8977238
35.1680856,136.8977238
35.1680856,136.8977238
35.1680856,136.8977238
35.1680856,136.8977238
35.1680846,136.8976576
35.1680846,136.8976576
35.1680846,136.8976576
35.1680846,136.8976576
35.1680846,136.8976576
35.1680723,136.8975576
35.1680723,136.8975576
35.1680723,136.8975576
35.1680723,136.8975576
35.1680723,136.8975576
35.1680676,136.8974662
35.1680676,136.8974662
35.1680676,136.8974662
35.1680676,136.8974662
35.1680676,136.8974662
35.1680676,136.8974662
35.1680217,136.8973569
35.1680217,136.8973569
35.1680217,136.8973569
35.1680217,136.8973569
35.1680217,136.8973569
35.1680217,136.8973569
35.1680217,136.8973569
35.1680217,136.8973569
35.1680217,136.8973569
35.167985,136.8973279
35.167985,136.8973279
35.167985,136.8973279
35.167985,136.8973279
35.167985,136.8973279
35.1680272,136.8973507
35.1680272,136.8973507
35.1680272,136.8973507
35.1680272,136.8973507
35.1680272,136.8973507
35.1680664,136.8973634
35.1680664,136.8973634
35.1680664,136.8973634
35.1680664,136.8973634
35.1680664,136.8973634
35.1681307,136.8973837
35.1681307,136.8973837
35.1681307,136.8973837
35.1681307,136.8973837
35.1681307,136.8973837
35.1681699,136.8973911
35.1681699,136.8973911
35.1681699,136.8973911
35.1681699,136.8973911
35.1681699,136.8973911
35.1681355,136.897373
35.1681355,136.897373
35.1681355,136.897373
35.1681355,136.897373
35.1681355,136.897373
35.1681355,136.897373
35.1681423,136.8973864
35.1681423,136.8973864
35.1681423,136.8973864
35.1681423,136.8973864
35.1681423,136.8973864
35.1681498,136.897387
35.1681498,136.897387
35.1681498,136.897387
35.1681498,136.897387
35.1681498,136.897387
35.1681498,136.897387
35.1681498,136.897387
35.1681498,136.897387
35.1681498,136.897387
35.1681963,136.8974034
35.1681963,136.8974034
35.1681963,136.8974034
35.1681963,136.8974034
35.1681963,136.8974034
35.1681963,136.8974034
35.1681963,136.8974034
35.1681963,136.8974034
35.1681963,136.8974034
35.1681963,136.8974034
35.1681963,136.8974034
35.1681963,136.8974034
35.1681963,136.8974034
35.1681963,136.8974034
35.1681963,136.8974034
35.1681963,136.8974034
35.1681963,136.8974034
35.1681963,136.8974034
35.1681963,136.8974034
35.1681963,136.8974034
35.1681963,136.8974034
35.1681963,136.8974034
35.1681963,136.8974034
35.1681963,136.8974034
35.1681963,136.8974034
35.1681963,136.8974034
35.1681963,136.8974034
35.1681963,136.8974034
35.1681963,136.8974034
35.1681963,136.8974034
35.1681963,136.8974034
35.1681963,136.8974034
35.1681963,136.8974034
35.1701906,136.8973354
35.1701906,136.8973354
35.1701906,136.8973354
35.1701906,136.8973354
35.1701906,136.8973354
35.1701906,136.8973354
35.1701906,136.8973354
35.1706121,136.8974728
35.1706121,136.8974728
35.1706121,136.8974728
35.1706121,136.8974728
35.1706121,136.8974728
35.1708569,136.8972599
35.1708569,136.8972599
35.1708569,136.8972599
35.1708569,136.8972599
35.1708569,136.8972599
35.1708569,136.8972599
35.1710443,136.8970816
35.1710443,136.8970816
35.1710443,136.8970816
35.1710443,136.8970816
35.1710443,136.8970816
35.1712053,136.897011
35.1712053,136.897011
35.1712053,136.897011
35.1712053,136.897011
35.1712053,136.897011
35.1716062,136.8970155
35.1716062,136.8970155
35.1716062,136.8970155
35.1716062,136.8970155
35.1716062,136.8970155
35.1719433,136.8969407
35.1719433,136.8969407
35.1719433,136.8969407
35.1719433,136.8969407
35.1719433,136.8969407
35.1719433,136.8969407
35.1719433,136.8969407
35.1719433,136.8969407
35.1719433,136.8969407
35.1723291,136.8968739
35.1723291,136.8968739
35.1723291,136.8968739
35.1723291,136.8968739
35.1723291,136.8968739
35.1723291,136.8968739
35.1725225,136.8968561
35.1725225,136.8968561
35.1725225,136.8968561
35.1725225,136.8968561
35.1725225,136.8968561
35.1725225,136.8968561
35.1725225,136.8968561
35.1725225,136.8968561
35.172522,136.8968561
